,TFT7_Tristana,TFT7_Braum,TFT7_Lulu,TFT7_Corki,TFT7_Sona,TFT7_DragonGold,TFT7_Yasuo,TFT7_TrainerDragon,TFT7_Sejuani,TFT7_Qiyana,TFT7_Shen,TFT7_Twitch,TFT7_Hecarim,TFT7_Talon,TFT7_Xayah,TFT7_Ornn,TFT7_Pyke,TFT7_Heimerdinger,TFT7_Nami,TFT7_Ryze,TFT7_Sylas,TFT7_Illaoi,TFT7_Zoe,TFT7_Bard,TFT7_Soraka,TFT7_Leona,TFT7_Yone,TFT7_Lillia,TFT7_Nunu,TFT7_DragonBlue,TFT7_Olaf,TFT7_Diana,TFT7_DragonPurple,TFT7_Sett,TFT7_Karma,TFT7_Ashe,TFT7_LeeSin,TFT7_Swain,TFT7_Neeko,TFT7_Jinx,TFT7_Volibear,TFT7_Anivia,TFT7_TahmKench,TFT7_Varus,TFT7_Kayn,TFT7_Aatrox,TFT7_Thresh,TFT7_Vladimir,TFT7_Skarner,TFT7_Nidalee,TFT7_Elise,TFT7_AoShin,TFT7_AurelionSol,TFT7_Gnar,TFT7_DragonGreen,TFT7_Senna,TFT7_Taric,TFT7_Shyvana,TFT7_Ezreal
Set7_Cannoneer,2.5161290322580645,2.5714285714285716,2.4915254237288136,2.543859649122807,2.4565217391304346,2.566666666666667,2.0,2.5,0.0,2.5,2.6666666666666665,0.0,2.0,2.25,0.0,2.3636363636363638,0.0,2.125,0.0,0.0,2.142857142857143,3.0,2.25,2.3684210526315788,2.0,0.0,0.0,0.0,0.0,2.0,0.0,0.0,2.5,0.0,0.0,0.0,0.0,0.0,2.0,2.6458333333333335,0.0,2.0,2.75,0.0,0.0,0.0,2.5,0.0,0.0,0.0,0.0,2.0,0.0,0.0,0.0,3.1666666666666665,0.0,0.0,0.0
Set7_Dragon,1.0224719101123596,1.0789473684210527,1.0324324324324323,1.0204081632653061,1.0260869565217392,1.1009174311926606,1.0338983050847457,1.0148148148148148,1.0227272727272727,1.0454545454545454,1.0101010101010102,1.0238095238095237,1.0,1.065934065934066,1.0,1.035928143712575,1.09375,1.0,1.0,1.0,1.0289017341040463,1.0263157894736843,1.0,1.0397350993377483,1.0327868852459017,1.096774193548387,1.0,1.0,1.0,1.123076923076923,1.0,1.1818181818181819,1.0933333333333333,1.0,1.0,1.032258064516129,1.0,1.0294117647058822,1.0571428571428572,1.0277777777777777,1.0,1.0285714285714285,1.0,1.0,1.0357142857142858,1.0,1.064516129032258,1.0,1.125,1.08,1.0238095238095237,1.0588235294117647,1.1333333333333333,1.0533333333333332,1.203125,1.0,1.0,1.0,1.0
Set7_Dragonmancer,0.0,0.0,2.0,0.0,0.0,2.0,2.0833333333333335,0.0,0.0,2.0,2.25,0.0,2.0,0.0,2.0,2.25,0.0,0.0,0.0,0.0,0.0,0.0,0.0,2.0,2.0,0.0,0.0,0.0,2.0,0.0,0.0,0.0,0.0,2.0588235294117645,2.0555555555555554,2.0526315789473686,2.0588235294117645,2.05,2.0,0.0,2.0833333333333335,0.0,0.0,0.0,2.0,0.0,0.0,0.0,0.0,0.0,0.0,0.0,0.0,2.0,0.0,0.0,0.0,2.0,2.0
Set7_Evoker,2.0,0.0,2.0,2.0,2.0,0.0,2.0,2.0,0.0,0.0,0.0,0.0,0.0,2.0,0.0,2.0,0.0,2.0,2.0,2.0,2.0,2.0,2.0,2.0,0.0,0.0,0.0,2.0,0.0,0.0,0.0,0.0,2.0,0.0,0.0,0.0,0.0,0.0,2.0,2.0,0.0,2.0,0.0,0.0,0.0,0.0,0.0,0.0,0.0,0.0,0.0,0.0,2.0,2.0,2.0,0.0,0.0,0.0,0.0
Set7_Guardian,0.0,2.0,0.0,0.0,0.0,0.0,0.0,0.0,0.0,0.0,2.0,0.0,0.0,0.0,0.0,0.0,0.0,0.0,0.0,0.0,0.0,0.0,0.0,0.0,0.0,2.0,2.0,0.0,0.0,0.0,0.0,0.0,0.0,0.0,0.0,0.0,0.0,0.0,0.0,0.0,0.0,0.0,0.0,0.0,0.0,0.0,2.0,0.0,0.0,0.0,0.0,0.0,0.0,0.0,0.0,0.0,2.0,0.0,0.0
Set7_Mirage,2.0,2.5,2.4615384615384617,2.0,2.375,2.3333333333333335,2.9761904761904763,2.0,3.033333333333333,2.5,2.6153846153846154,0.0,3.0,3.0,0.0,2.4285714285714284,2.5,0.0,2.0,3.0,2.0,0.0,3.0,2.9047619047619047,2.4285714285714284,3.1818181818181817,3.096774193548387,3.125,3.019607843137255,2.816666666666667,3.0,0.0,2.0,0.0,0.0,0.0,2.6666666666666665,3.0,2.6,2.0,0.0,2.0,2.25,0.0,0.0,0.0,2.75,0.0,0.0,0.0,0.0,0.0,0.0,2.0,2.3333333333333335,0.0,0.0,0.0,0.0
Set7_Mystic,2.0,2.0,2.111111111111111,2.0,2.0526315789473686,2.0,2.0,2.0294117647058822,0.0,0.0,0.0,2.2,2.0,2.4,2.0,2.0833333333333335,2.3333333333333335,2.033333333333333,2.1025641025641026,2.0384615384615383,2.048780487804878,2.12,2.033333333333333,2.1206896551724137,2.25,0.0,0.0,2.0,2.0,2.0,0.0,0.0,2.0,0.0,2.0,2.0,0.0,2.0,2.2222222222222223,0.0,0.0,2.1818181818181817,0.0,2.1666666666666665,0.0,0.0,2.0,2.090909090909091,2.0,2.25,2.0,2.0,2.2,2.2666666666666666,2.2222222222222223,0.0,0.0,0.0,2.0
Set7_Revel,2.27027027027027,2.111111111111111,2.35,2.4565217391304346,2.4130434782608696,2.1052631578947367,2.7142857142857144,2.25,0.0,2.0,3.125,0.0,3.0,2.5,0.0,2.727272727272727,3.0,2.3333333333333335,0.0,2.0,2.2,3.0,2.0,2.272727272727273,2.6666666666666665,0.0,0.0,0.0,0.0,3.2857142857142856,0.0,0.0,2.0,0.0,0.0,0.0,0.0,0.0,2.3333333333333335,2.4,0.0,2.0,3.142857142857143,0.0,0.0,0.0,2.0,0.0,0.0,0.0,0.0,0.0,0.0,0.0,0.0,2.2857142857142856,0.0,0.0,0.0
Set7_Scalescorn,0.0,2.0,0.0,0.0,0.0,0.0,2.0,0.0,2.0,2.0,2.0,2.0,2.0,2.0,0.0,2.0,2.0,2.0,0.0,2.0,2.0,0.0,0.0,2.0,0.0,0.0,2.0,2.0,0.0,0.0,2.0,2.0,0.0,0.0,0.0,0.0,0.0,0.0,0.0,0.0,0.0,0.0,0.0,0.0,2.0,0.0,2.0,0.0,0.0,0.0,0.0,0.0,0.0,0.0,0.0,0.0,0.0,0.0,0.0
Set7_Shimmerscale,2.0,2.0,2.0,2.6666666666666665,2.0,2.76,2.727272727272727,2.0,0.0,2.0,2.5,2.5,2.6,2.75,2.6875,2.2,3.0,0.0,3.0,2.0,2.6666666666666665,0.0,3.076923076923077,2.5,3.0,3.0,0.0,3.0,0.0,0.0,0.0,0.0,0.0,2.0,0.0,3.0,2.0,2.4,2.0,0.0,3.0625,0.0,0.0,0.0,2.9047619047619047,3.0,3.25,0.0,0.0,0.0,0.0,0.0,0.0,0.0,0.0,0.0,2.0,0.0,0.0
Set7_Trainer,2.0,2.0,2.0,2.0,2.0,2.0,2.0,2.0,0.0,0.0,2.0,0.0,0.0,0.0,0.0,2.0,0.0,2.0,2.0,2.0,2.0,0.0,2.0,2.0,2.0,0.0,0.0,0.0,0.0,0.0,0.0,0.0,2.0,0.0,0.0,0.0,0.0,0.0,2.0,2.0,0.0,0.0,2.0,0.0,0.0,0.0,2.0,2.0,0.0,0.0,0.0,2.0,2.0,2.0,2.0,2.0,0.0,0.0,0.0
Set7_Warrior,0.0,2.3333333333333335,0.0,0.0,0.0,0.0,2.25,0.0,0.0,2.0,2.1666666666666665,0.0,0.0,2.5,0.0,2.0,2.0,0.0,0.0,0.0,0.0,0.0,0.0,0.0,0.0,2.0,2.1666666666666665,3.0,2.0,2.0,2.1666666666666665,2.5,2.0,0.0,0.0,0.0,0.0,0.0,0.0,0.0,0.0,0.0,0.0,0.0,2.0,0.0,0.0,0.0,0.0,0.0,0.0,0.0,0.0,0.0,0.0,0.0,0.0,0.0,0.0
Set7_Assassin,0.0,2.3333333333333335,0.0,0.0,2.0,3.0,2.25,0.0,0.0,2.3684210526315788,2.2916666666666665,2.0,2.0,2.3157894736842106,2.0,2.2758620689655173,2.5,0.0,0.0,0.0,2.2,2.25,2.5,2.125,0.0,2.5,3.0,2.3333333333333335,0.0,0.0,2.45,2.466666666666667,2.210526315789474,0.0,0.0,0.0,3.0,0.0,2.0,0.0,0.0,2.0,2.0,0.0,2.8,0.0,2.3333333333333335,0.0,0.0,0.0,2.0,0.0,0.0,2.0,2.0,0.0,0.0,0.0,0.0
Set7_Bruiser,2.0,2.0,2.0,2.0,2.0,0.0,2.0,2.0,2.0,2.0454545454545454,2.0303030303030303,2.0,2.0,2.0,2.0,2.0240963855421685,2.0357142857142856,2.0,2.0,2.0,2.026666666666667,2.0232558139534884,2.0,2.0,2.0,2.0,0.0,2.0,2.0,0.0,2.1176470588235294,2.0,2.03125,0.0,0.0,0.0,2.0,2.0,2.0,2.0,0.0,0.0,2.0,2.0,2.0,0.0,2.0,0.0,2.0833333333333335,0.0,2.0,2.0,2.0,0.0,0.0,2.0,0.0,0.0,2.0
Set7_Cavalier,2.5,2.4,2.2857142857142856,2.5,3.0,2.0,2.5,2.25,2.5,2.1,2.230769230769231,2.0952380952380953,2.45,2.1,2.1052631578947367,2.074074074074074,0.0,2.5,2.0,2.1666666666666665,2.1666666666666665,0.0,2.4,2.2,2.75,2.7142857142857144,2.6,2.823529411764706,2.6,2.6363636363636362,2.4,2.0,2.0,0.0,2.0,2.0,2.6666666666666665,2.0,2.0,0.0,2.0,2.0,3.0,2.0,2.0,0.0,2.5,2.0,0.0,0.0,0.0,2.3333333333333335,0.0,2.0,0.0,0.0,0.0,0.0,0.0
Set7_Guild,3.0,3.0,3.3333333333333335,3.0,3.0,3.5,3.25,3.0,3.3736263736263736,3.2823529411764705,3.2903225806451615,3.3513513513513513,3.306122448979592,3.3518518518518516,3.2783505154639174,3.257425742574257,3.4,3.5,3.2222222222222223,3.8181818181818183,3.5,3.3076923076923075,3.8333333333333335,3.5454545454545454,3.25,3.5,3.0,3.3333333333333335,3.4285714285714284,3.0,0.0,3.0,3.75,0.0,0.0,0.0,0.0,0.0,3.0,0.0,0.0,0.0,3.0,3.466666666666667,3.0,0.0,3.0,0.0,3.0,0.0,0.0,3.5,0.0,0.0,0.0,3.0,0.0,3.0,4.0
Set7_Legend,0.0,0.0,0.0,0.0,0.0,0.0,1.0,0.0,1.0,0.0,0.0,0.0,1.0,0.0,0.0,1.0,0.0,0.0,0.0,0.0,0.0,1.0,1.0,1.0,1.0,0.0,0.0,0.0,1.0,0.0,0.0,0.0,0.0,0.0,1.0,1.0,1.0,0.0,1.0,0.0,1.0,1.0,0.0,0.0,0.0,0.0,0.0,0.0,0.0,0.0,0.0,0.0,0.0,1.0,0.0,0.0,0.0,0.0,0.0
Set7_Ragewing,0.0,0.0,0.0,0.0,0.0,0.0,2.0,0.0,2.4,2.0,2.3076923076923075,2.142857142857143,2.25,2.25,2.3076923076923075,2.0,0.0,0.0,0.0,0.0,0.0,2.0,0.0,2.0,2.0,0.0,0.0,0.0,0.0,0.0,0.0,0.0,0.0,2.4444444444444446,2.0,2.0,2.0,2.272727272727273,2.0,0.0,2.0,0.0,0.0,0.0,2.5,0.0,0.0,0.0,2.0,0.0,0.0,0.0,0.0,2.0,0.0,2.6,0.0,2.2666666666666666,0.0
Set7_Swiftshot,0.0,0.0,2.0,0.0,0.0,0.0,2.0,2.0,0.0,2.0,2.0,2.0,0.0,0.0,2.0,2.0,0.0,2.0,2.0,0.0,2.0,2.0,2.0,2.0,0.0,0.0,0.0,0.0,0.0,0.0,0.0,0.0,2.0,0.0,0.0,0.0,0.0,2.0,0.0,0.0,2.0,0.0,0.0,2.0,2.0,2.0,0.0,0.0,2.0,0.0,0.0,0.0,0.0,0.0,0.0,0.0,0.0,0.0,2.0
Set7_Tempest,2.0,2.0,2.033333333333333,2.0,2.0,2.0,2.0,2.05,2.0,4.0,2.0,0.0,2.0,2.0,2.0,2.076923076923077,0.0,2.05,2.0,2.0,2.03125,2.0,2.0384615384615383,2.107142857142857,2.2222222222222223,0.0,0.0,2.0,0.0,0.0,0.0,0.0,2.0,0.0,0.0,2.0,3.5,0.0,2.0,0.0,0.0,0.0,0.0,0.0,2.0,2.0,2.0,0.0,2.0,0.0,0.0,2.075,0.0,2.0,2.0,0.0,2.0,0.0,3.0
Set7_Whispers,2.0,3.0,2.0357142857142856,2.0,2.090909090909091,2.0,2.3703703703703702,2.0357142857142856,2.0,2.2448979591836733,2.3541666666666665,2.0,2.0,2.2641509433962264,2.0,2.311688311688312,2.5714285714285716,2.0434782608695654,2.0,2.0,2.3363636363636364,2.0555555555555554,2.0526315789473686,2.107142857142857,2.2222222222222223,2.4,2.0,2.0,2.0,2.0,2.4,2.0,2.292307692307692,0.0,0.0,2.5,2.4,3.0,2.727272727272727,2.0,0.0,2.0,2.0,2.0,2.0,0.0,2.806451612903226,2.0,2.0,2.0,2.96,0.0,3.0,2.5454545454545454,2.25,0.0,3.0,0.0,2.0
Set7_Astral,0.0,0.0,2.0,0.0,0.0,0.0,0.0,0.0,0.0,0.0,0.0,0.0,0.0,0.0,0.0,0.0,0.0,0.0,2.6,2.0,2.0,2.6,3.0,2.0,0.0,0.0,0.0,0.0,0.0,0.0,0.0,0.0,0.0,0.0,0.0,0.0,0.0,0.0,0.0,0.0,0.0,0.0,0.0,2.75,0.0,0.0,0.0,2.6,2.75,2.6666666666666665,0.0,0.0,2.75,0.0,0.0,0.0,0.0,0.0,2.0
Set7_Bard,1.0,1.0,1.0,1.0,1.0,1.0,1.0,1.0,1.0,1.0,1.0,1.0,1.0,1.0,1.0,1.0,1.0,1.0,1.0,1.0,1.0,1.0,1.0,1.0,1.0,1.0,1.0,1.0,1.0,1.0,1.0,1.0,1.0,1.0,1.0,1.0,1.0,1.0,1.0,1.0,1.0,1.0,1.0,1.0,1.0,1.0,1.0,1.0,1.0,1.0,1.0,1.0,1.0,1.0,1.0,1.0,1.0,1.0,1.0
Set7_Jade,2.0,2.0,2.28,2.0,2.0,2.0,2.4444444444444446,2.0,0.0,2.0,0.0,2.0,2.0,2.0,2.0,2.0,2.0,2.0,2.3333333333333335,0.0,2.0,0.0,2.0,2.090909090909091,2.3157894736842106,2.0,0.0,0.0,2.0,0.0,0.0,0.0,2.0,2.0,2.5454545454545454,2.5,2.0,2.0,2.2115384615384617,0.0,0.0,2.34375,0.0,0.0,0.0,0.0,2.0,0.0,2.0,2.0,2.0,2.0,0.0,2.2244897959183674,2.2115384615384617,0.0,2.4285714285714284,0.0,2.0
Set7_Mage,2.0,2.0,2.268292682926829,0.0,2.1333333333333333,2.0,2.0,2.2666666666666666,2.3333333333333335,2.0,2.0,2.0,2.0,2.0,0.0,2.0714285714285716,2.0,2.259259259259259,2.2674418604651163,2.28,2.2747252747252746,2.2115384615384617,2.316666666666667,2.1875,2.0,0.0,0.0,2.5238095238095237,0.0,2.0,0.0,0.0,2.111111111111111,0.0,0.0,0.0,0.0,0.0,2.0,0.0,0.0,2.0,2.0,2.0,0.0,0.0,2.0,2.395348837209302,3.0,0.0,0.0,2.0714285714285716,2.4,0.0,0.0,0.0,0.0,0.0,2.0
Set7_SpellThief,1.0,1.0,1.0,1.0,1.0,1.0,1.0,1.0,1.0,1.0,1.0,1.0,1.0,1.0,1.0,1.0,1.0,1.0,1.0,1.0,1.0,1.0,1.0,1.0,1.0,1.0,0.0,1.0,1.0,1.0,0.0,1.0,1.0,0.0,1.0,0.0,1.0,1.0,1.0,1.0,1.0,1.0,0.0,1.0,1.0,1.0,1.0,1.0,1.0,0.0,0.0,1.0,1.0,1.0,1.0,1.0,0.0,0.0,1.0
Set7_Starcaller,1.0,1.0,1.0,1.0,1.0,1.0,1.0,1.0,1.0,1.0,1.0,1.0,1.0,1.0,1.0,1.0,1.0,1.0,1.0,0.0,1.0,1.0,1.0,1.0,1.0,1.0,1.0,1.0,1.0,1.0,0.0,0.0,1.0,1.0,1.0,1.0,1.0,1.0,1.0,1.0,1.0,1.0,1.0,1.0,1.0,1.0,1.0,1.0,1.0,1.0,1.0,1.0,1.0,1.0,1.0,0.0,1.0,1.0,1.0
Set7_Shapeshifter,0.0,0.0,2.0,0.0,0.0,0.0,2.0,0.0,0.0,0.0,2.0,2.0,0.0,0.0,2.0,3.0,2.0,0.0,2.0,0.0,2.0,0.0,0.0,2.0,2.4166666666666665,2.0,0.0,0.0,0.0,0.0,0.0,0.0,2.0,2.0,2.0,2.230769230769231,2.2,2.5,2.3666666666666667,0.0,2.0,3.0,0.0,0.0,0.0,0.0,2.0,0.0,2.0,2.5,2.5238095238095237,0.0,0.0,2.3666666666666667,2.1818181818181817,0.0,2.0,2.6666666666666665,0.0
