,1,2,3,4,5,6,7,8
TFT7_Tristana,12,8,13,12,15,16,18,25
TFT7_Braum,8,0,8,6,6,12,10,20
TFT7_Lulu,49,34,32,35,36,31,36,37
TFT7_Corki,18,9,13,14,16,16,23,19
TFT7_Sona,24,15,17,20,25,16,22,22
TFT7_DragonGold,8,6,12,8,18,15,16,26
TFT7_Yasuo,39,35,27,17,21,16,12,16
TFT7_TrainerDragon,34,19,24,25,27,29,30,32
TFT7_Sejuani,16,15,14,19,23,22,19,14
TFT7_Qiyana,19,29,29,26,27,28,28,16
TFT7_Shen,23,34,32,34,35,39,26,32
TFT7_Twitch,22,33,22,25,27,26,30,21
TFT7_Hecarim,18,24,26,24,26,30,21,22
TFT7_Talon,21,37,41,32,31,29,26,21
TFT7_Xayah,20,23,19,17,26,24,24,21
TFT7_Ornn,51,52,50,40,45,44,45,26
TFT7_Pyke,16,18,13,13,14,6,5,3
TFT7_Heimerdinger,24,16,14,15,16,17,18,15
TFT7_Nami,14,25,12,18,16,20,18,16
TFT7_Ryze,11,16,9,11,10,15,11,13
TFT7_Sylas,41,40,39,35,27,35,38,23
TFT7_Illaoi,19,31,17,20,19,17,23,12
TFT7_Zoe,35,25,13,15,15,8,9,13
TFT7_Bard,50,42,43,19,23,16,19,14
TFT7_Soraka,19,15,10,10,10,4,4,5
TFT7_Leona,5,4,2,6,3,6,4,6
TFT7_Yone,4,3,3,6,4,5,4,8
TFT7_Lillia,6,6,7,10,7,6,0,6
TFT7_Nunu,8,3,10,14,6,7,8,10
TFT7_DragonBlue,9,5,10,11,8,6,7,10
TFT7_Olaf,7,5,6,5,7,5,2,2
TFT7_Diana,7,6,8,3,6,2,4,3
TFT7_DragonPurple,15,19,23,29,18,17,20,9
TFT7_Sett,3,6,3,2,3,6,2,3
TFT7_Karma,3,5,5,4,2,4,3,6
TFT7_Ashe,6,5,9,5,6,8,4,7
TFT7_LeeSin,7,4,1,7,4,8,3,3
TFT7_Swain,8,9,5,6,6,11,3,6
TFT7_Neeko,19,17,18,23,16,16,15,12
TFT7_Jinx,7,3,5,6,6,8,12,11
TFT7_Volibear,2,4,5,4,2,6,5,9
TFT7_Anivia,5,4,7,8,5,4,5,5
TFT7_TahmKench,4,0,4,4,2,1,3,5
TFT7_Varus,12,19,11,13,10,7,15,9
TFT7_Kayn,6,5,7,1,3,4,5,12
TFT7_Aatrox,2,0,3,0,1,1,2,9
TFT7_Thresh,9,4,11,13,11,8,12,10
TFT7_Vladimir,2,10,2,6,8,9,6,7
TFT7_Skarner,0,4,2,1,7,1,3,5
TFT7_Nidalee,4,3,4,5,2,4,3,2
TFT7_Elise,6,4,5,8,6,7,6,1
TFT7_AoShin,15,4,11,3,4,6,4,4
TFT7_AurelionSol,2,3,0,2,1,2,4,1
TFT7_Gnar,13,10,12,15,8,11,6,6
TFT7_DragonGreen,8,9,10,9,10,6,6,7
TFT7_Senna,3,3,2,4,2,2,2,5
TFT7_Taric,0,3,0,4,0,3,1,4
TFT7_Shyvana,6,5,5,4,2,3,0,0
TFT7_Ezreal,3,4,2,5,3,2,3,2
