name,1,2,3,4,5,6,7,8
Zeke's Herald,33,32,25,28,20,17,12,7
Chalice of Power,18,12,8,15,6,10,6,5
Giant Slayer,50,48,48,45,43,46,40,36
Hand Of Justice,43,41,41,32,30,34,17,31
3001,1,2,3,2,2,3,5,12
Archangel's Staff,38,31,29,34,18,26,22,23
Locket of the Iron Solari,14,24,16,22,13,11,13,5
Bramble Vest,19,17,30,20,21,15,22,11
Sunfire Cape,67,68,64,59,57,55,51,46
9008,2,3,0,1,2,2,1,1
41105,34,19,24,25,27,29,30,32
Infinity Edge,37,48,62,36,51,23,38,37
Banshee's Claw,22,26,26,24,10,9,10,7
2318,3,7,3,5,6,2,7,2
Gargoyle Stoneplate,32,41,29,45,31,37,28,28
Titan's Resolve,23,28,17,24,27,20,17,11
Bloodthirster,34,32,28,30,25,26,20,15
Last Whisper,16,20,8,13,11,10,5,8
Guinsoo's Rageblade,70,68,69,60,69,72,67,48
94,22,16,22,11,20,9,7,6
Shroud of Stillness,28,16,28,16,19,28,10,4
2325,9,10,16,6,11,5,6,3
Blue Buff,23,15,17,19,15,11,5,10
Morellonomicon,15,15,11,16,16,13,4,2
Spear of Shojin,46,24,26,30,31,28,26,24
Rapid Firecannon,11,17,13,17,13,7,6,4
Statikk Shiv,41,25,36,27,29,29,25,19
Deathblade,17,21,27,27,22,21,24,20
Quicksilver,30,47,29,39,37,35,20,17
9005,2,1,0,1,0,0,0,0
Zz'Rot Portal,23,26,16,10,13,18,13,6
Zephyr,20,20,14,15,17,19,11,3
Ionic Spark,33,32,27,28,16,13,7,10
2311,17,19,11,6,13,7,7,6
Negatron Cloak,2,4,6,4,5,5,4,7
Sparring Gloves,5,6,5,3,4,6,3,3
Frozen Heart,28,36,34,31,33,24,33,22
2307,12,7,7,9,5,10,9,2
Hextech Gunblade,25,18,16,20,15,14,10,10
Dragon's Claw,28,19,20,24,22,20,23,11
Titan's Vow,0,0,1,0,0,0,0,0
Thief's Gloves,35,27,29,28,22,26,26,19
Redemption,23,15,23,19,26,15,14,12
Runaan's Hurricane,23,34,19,21,14,14,20,13
Rabadon's Deathcap,12,21,17,15,10,14,10,10
Warmog's Armor,29,39,38,38,29,24,30,25
Tear of the Goddess,7,11,7,11,6,9,9,2
2316,2,2,4,2,2,1,0,1
2426,3,4,0,0,1,5,0,0
Giant's Belt,7,6,3,5,10,9,10,10
B.F. Sword,1,1,7,3,3,2,2,6
2314,7,3,7,10,0,4,0,4
3005,0,0,0,0,0,0,1,2
Recurve Bow,6,4,5,3,10,7,6,4
Chain Vest,1,5,5,6,3,6,9,6
Jeweled Gauntlet,27,15,18,19,14,7,10,11
3003,3,1,7,1,6,4,5,6
2312,2,5,2,2,3,0,4,2
9003,3,3,1,2,2,3,0,1
3002,2,4,3,1,4,6,5,11
2301,2,2,4,5,3,3,2,3
2317,2,2,3,1,3,0,3,3
2300,2,2,1,1,1,0,0,1
Needlessly Large Rod,6,8,7,8,8,3,13,10
3000,4,1,2,1,4,4,3,6
3006,4,3,3,2,1,0,2,2
9001,0,1,0,4,2,5,0,2
3004,1,1,4,2,5,3,2,6
9004,2,1,2,1,2,2,2,1
Spatula,0,0,2,0,0,1,0,1
2303,1,2,0,3,2,2,2,1
Warmog's Pride,0,1,0,0,0,0,0,0
2324,3,0,0,1,0,0,0,0
2323,1,2,0,4,4,4,0,1
2305,3,7,3,0,2,2,4,1
Tactician's Crown,4,2,2,3,2,2,1,0
9009,1,1,1,1,0,0,0,2
9006,0,0,1,0,2,2,1,2
9010,2,2,0,0,0,1,0,2
Mistral,0,0,0,0,0,0,0,1
2302,2,1,5,0,1,1,3,8
Demonslayer,0,0,0,0,0,0,0,1
9007,0,0,0,0,0,1,1,1
2315,3,4,2,0,2,3,3,1
9002,0,0,1,2,1,0,2,1
2310,2,2,0,1,0,1,0,0
2313,1,0,0,1,1,0,2,1
3008,1,0,3,0,0,0,0,1
Sunlight Cape,0,0,0,0,0,0,0,0
2308,0,2,2,2,1,0,0,1
2425,0,0,0,0,0,0,0,0
Spear of Hirana,0,0,0,0,0,0,0,0
Blessed Bloodthirster,1,0,0,0,1,0,0,0
Statikk Favor,0,0,0,0,1,0,0,0
Urf-Angel's Staff,0,0,0,0,0,0,0,0
Fist of Fairness,1,0,2,0,1,0,0,0
3012,0,0,0,0,0,0,0,0
3013,0,0,0,0,0,0,0,0
3014,0,0,0,0,0,0,0,0
3010,0,0,0,0,0,0,0,0
