name,TFT7_Tristana,TFT7_Braum,TFT7_Lulu,TFT7_Corki,TFT7_Sona,TFT7_DragonGold,TFT7_Yasuo,TFT7_TrainerDragon,TFT7_Sejuani,TFT7_Qiyana,TFT7_Shen,TFT7_Twitch,TFT7_Hecarim,TFT7_Talon,TFT7_Xayah,TFT7_Ornn,TFT7_Pyke,TFT7_Heimerdinger,TFT7_Nami,TFT7_Ryze,TFT7_Sylas,TFT7_Illaoi,TFT7_Zoe,TFT7_Bard,TFT7_Soraka,TFT7_Leona,TFT7_Yone,TFT7_Lillia,TFT7_Nunu,TFT7_DragonBlue,TFT7_Olaf,TFT7_Diana,TFT7_DragonPurple,TFT7_Sett,TFT7_Karma,TFT7_Ashe,TFT7_LeeSin,TFT7_Swain,TFT7_Neeko,TFT7_Jinx,TFT7_Volibear,TFT7_Anivia,TFT7_TahmKench,TFT7_Varus,TFT7_Kayn,TFT7_Aatrox,TFT7_Thresh,TFT7_Vladimir,TFT7_Skarner,TFT7_Nidalee,TFT7_Elise,TFT7_AoShin,TFT7_AurelionSol,TFT7_Gnar,TFT7_DragonGreen,TFT7_Senna,TFT7_Taric,TFT7_Shyvana,TFT7_Ezreal
Zeke's Herald,6,0,21,1,4,0,12,0,2,2,9,20,0,10,2,8,1,5,3,1,6,0,2,8,3,1,5,1,2,0,0,3,0,1,2,6,0,1,0,5,0,0,1,2,1,1,4,0,0,0,1,0,0,3,1,4,0,1,2
Chalice of Power,0,1,15,0,4,0,0,0,0,2,3,6,1,1,0,2,1,4,7,0,1,0,9,2,1,0,1,0,1,0,0,0,0,0,2,2,1,1,1,2,1,0,1,0,1,0,0,1,0,0,0,0,1,2,1,0,0,1,0
Giant Slayer,10,1,1,52,2,0,15,0,0,2,0,1,1,24,87,3,12,0,5,9,1,0,3,1,0,0,5,3,1,21,3,4,20,1,0,1,1,5,1,2,0,3,0,24,1,0,0,0,0,3,1,3,4,3,11,0,0,4,1
Hand Of Justice,6,0,0,36,5,0,28,0,0,3,0,1,2,34,22,3,6,0,1,5,3,1,5,0,0,0,5,2,2,12,3,0,32,0,1,0,0,1,2,0,1,1,0,13,0,0,0,1,0,3,3,1,2,2,15,1,0,5,0
3001,5,0,0,7,1,0,1,0,0,0,0,0,0,0,10,0,0,0,0,0,0,0,0,1,1,0,0,0,0,0,0,0,1,0,0,0,0,1,0,0,1,0,0,0,1,0,0,0,0,0,0,0,0,0,0,0,0,0,0
Archangel's Staff,0,0,0,1,13,0,5,0,0,4,0,0,3,2,1,1,5,0,25,37,2,3,11,0,3,0,0,4,1,23,0,2,2,0,1,0,2,9,3,2,0,17,0,0,0,0,0,0,0,0,9,22,3,0,0,1,0,4,0
Locket of the Iron Solari,1,2,7,0,5,2,1,0,4,2,6,1,9,1,0,15,3,0,6,0,9,9,1,0,2,1,2,2,4,0,0,3,1,0,0,0,0,1,2,6,3,0,0,0,0,0,1,1,1,0,0,0,0,1,3,0,0,0,0
Bramble Vest,0,5,1,0,1,25,3,0,1,0,2,0,10,0,0,28,1,0,0,0,24,19,0,1,0,1,0,1,7,0,0,0,5,0,0,0,0,0,14,0,1,0,2,0,0,0,1,0,0,0,0,0,0,1,1,0,0,0,0
Sunfire Cape,1,8,0,0,0,50,14,0,4,8,11,0,19,45,0,59,5,0,0,0,69,49,1,0,1,2,0,2,24,0,0,10,10,0,0,0,1,0,50,0,3,1,5,0,0,1,1,3,2,0,0,0,0,3,0,0,2,3,0
9008,0,1,0,0,0,1,0,0,1,0,1,0,0,0,0,4,0,0,0,0,1,1,0,1,0,0,0,0,0,0,0,0,0,0,0,0,0,0,1,0,0,0,0,0,0,0,0,0,0,0,0,0,0,0,0,0,0,0,0
41105,0,0,0,0,0,0,0,220,0,0,0,0,0,0,0,0,0,0,0,0,0,0,0,0,0,0,0,0,0,0,0,0,0,0,0,0,0,0,0,0,0,0,0,0,0,0,0,0,0,0,0,0,0,0,0,0,0,0,0
Infinity Edge,3,0,0,41,1,0,15,0,0,4,0,1,1,67,33,1,14,1,3,2,2,0,0,0,0,0,2,0,0,18,18,7,46,1,2,0,1,0,0,3,2,2,0,16,0,0,0,0,0,0,3,7,0,1,13,1,0,0,0
Banshee's Claw,5,0,21,1,4,0,4,0,1,6,4,17,5,4,1,4,0,1,7,0,5,2,6,11,2,0,1,0,0,0,0,3,0,0,0,0,2,1,3,4,2,0,1,0,0,1,1,1,0,0,0,0,0,2,1,0,0,0,0
2318,0,0,0,2,0,1,1,0,0,4,0,0,4,0,8,1,1,1,0,0,1,0,1,0,0,0,0,1,1,0,0,0,2,0,0,0,0,0,0,0,0,0,0,3,0,0,0,0,0,0,0,2,0,0,1,0,0,0,0
Gargoyle Stoneplate,0,6,0,0,0,47,8,0,0,0,6,0,12,3,0,41,0,0,0,0,52,28,2,0,0,2,0,3,8,0,1,0,6,0,0,0,1,0,38,0,1,0,2,0,0,0,1,0,0,0,0,0,0,2,1,0,0,0,0
Titan's Resolve,1,1,1,2,0,2,17,0,1,1,0,0,4,7,1,10,3,1,0,1,14,6,0,0,0,0,1,1,5,0,1,3,39,2,0,0,2,2,6,0,1,0,0,0,0,0,0,0,1,1,0,0,0,1,24,1,0,3,0
Bloodthirster,1,0,0,4,1,0,28,0,0,0,0,0,0,19,7,11,2,1,0,1,4,1,1,0,0,0,4,4,6,1,4,0,63,1,0,0,0,0,1,0,3,1,0,0,0,0,0,0,0,1,4,2,0,1,32,0,0,1,0
Last Whisper,6,0,2,21,1,0,8,0,0,1,1,5,0,17,7,1,1,0,1,0,0,1,1,2,0,0,1,0,0,0,3,0,2,0,0,0,1,1,0,0,0,0,0,4,0,0,0,0,0,0,1,0,0,0,2,0,0,0,0
Guinsoo's Rageblade,18,0,4,67,10,1,2,0,0,3,0,5,1,7,138,0,4,0,9,5,1,1,8,3,0,0,2,0,0,28,1,2,36,5,0,2,0,25,1,3,6,2,0,72,0,1,0,1,1,18,8,5,0,1,13,2,0,1,0
94,1,0,2,5,1,0,15,0,0,1,2,1,3,10,7,3,6,0,2,3,3,3,2,2,0,0,2,0,0,2,2,2,6,0,0,0,0,1,2,0,1,0,0,3,0,0,1,0,0,1,3,1,2,0,10,0,0,2,0
Shroud of Stillness,3,3,8,0,2,2,6,0,5,6,6,3,7,6,1,15,3,3,6,0,13,8,1,4,0,4,1,2,1,0,0,0,4,1,2,0,1,0,4,0,0,0,1,0,3,1,3,4,1,0,0,0,0,3,1,0,0,1,0
2325,0,0,0,0,0,0,5,0,0,0,3,0,0,0,0,0,0,0,0,0,5,1,1,0,0,0,0,1,1,0,19,0,25,0,0,0,0,0,0,0,0,0,0,0,0,0,0,0,0,0,0,0,0,1,4,0,0,0,0
Blue Buff,0,0,8,2,6,0,31,0,0,1,2,1,14,2,0,5,9,1,3,0,0,0,5,4,1,1,0,0,1,0,0,0,0,0,2,1,0,0,0,1,0,6,0,0,1,0,0,1,0,0,2,1,0,1,0,0,1,0,1
Morellonomicon,0,0,1,0,11,0,0,0,0,3,0,1,16,0,0,23,1,0,2,0,1,4,3,0,0,0,0,0,0,3,0,0,0,1,0,1,0,0,10,0,0,6,0,0,0,0,0,0,0,0,1,0,3,0,0,0,0,1,0
Spear of Shojin,1,0,3,0,23,1,3,0,0,2,3,1,0,2,0,0,4,0,34,47,2,1,27,14,5,0,1,0,0,3,0,0,0,0,0,3,0,0,1,0,0,8,0,3,0,0,0,0,0,0,0,33,7,0,2,0,0,1,0
Rapid Firecannon,3,0,2,4,2,0,4,0,0,0,1,1,3,11,4,1,3,0,2,1,0,3,9,4,0,0,1,0,0,0,8,0,6,0,0,0,1,1,0,1,0,0,0,2,1,0,0,0,0,3,4,0,0,1,1,0,0,0,0
Statikk Shiv,10,0,11,9,11,0,6,0,1,2,0,12,0,3,10,0,4,1,23,5,4,1,21,9,2,0,1,0,3,15,0,2,2,1,0,4,1,18,1,7,0,7,0,6,0,1,0,1,0,0,3,7,3,0,0,1,0,0,2
Deathblade,8,0,2,20,0,0,10,0,0,0,0,4,0,14,36,1,1,0,0,0,0,0,1,0,0,0,1,0,1,0,1,1,4,4,0,0,0,0,1,0,0,0,0,37,2,0,1,0,1,18,0,0,0,2,6,2,0,0,0
Quicksilver,6,1,1,7,3,2,14,0,0,1,1,0,2,10,55,7,4,1,0,2,5,5,5,0,0,0,2,0,0,13,3,0,32,5,0,0,1,13,4,0,4,0,0,11,2,0,0,0,0,16,6,1,0,0,7,1,0,1,0
9005,0,0,0,0,1,0,0,0,0,0,0,0,0,0,0,0,0,0,0,2,0,0,0,0,0,0,0,0,0,0,0,0,0,0,0,0,0,0,0,0,0,0,0,0,0,0,0,0,0,0,0,1,0,0,0,0,0,0,0
Zz'Rot Portal,0,4,0,0,0,1,2,0,3,2,7,0,6,1,0,22,3,2,0,0,23,11,0,0,0,1,0,1,2,0,0,1,0,0,0,0,0,0,12,3,0,0,2,0,1,2,3,4,3,0,0,0,0,2,0,0,0,0,1
Zephyr,5,3,6,1,5,1,2,0,6,9,4,5,2,6,0,8,2,1,1,0,9,7,6,5,1,1,0,2,1,0,0,0,1,0,0,0,1,2,2,0,0,0,0,0,3,0,4,2,0,0,1,1,0,3,0,0,0,0,0
Ionic Spark,0,3,3,0,0,7,6,0,0,4,3,0,8,10,0,13,13,0,0,0,31,12,0,0,0,0,0,5,6,0,0,11,3,0,0,0,2,0,16,0,1,1,2,0,0,1,0,0,1,0,0,0,0,0,1,0,1,2,0
2311,1,0,8,0,23,3,5,0,1,1,0,0,0,0,0,2,1,0,0,0,0,8,0,5,3,0,0,0,0,1,0,0,1,1,0,0,0,0,0,0,0,0,0,1,1,0,1,0,0,0,0,12,7,0,0,0,0,0,0
Negatron Cloak,0,1,0,1,0,5,1,0,3,0,4,0,2,1,1,4,0,0,2,0,2,2,0,0,1,0,0,1,1,0,0,0,0,0,0,0,1,0,0,0,0,1,0,0,0,0,0,0,1,0,0,0,0,2,0,0,0,0,0
Sparring Gloves,2,1,0,1,0,0,0,0,0,3,0,1,0,3,1,6,0,0,2,0,2,1,1,2,1,1,1,0,0,0,0,0,0,0,0,0,0,2,0,0,0,1,0,0,1,0,0,0,0,0,0,0,0,2,0,0,0,0,0
Frozen Heart,0,2,3,0,0,7,8,0,1,40,6,0,9,60,0,10,9,1,0,0,9,16,2,2,1,0,0,0,4,0,0,12,12,0,0,0,1,0,11,0,1,0,1,0,4,1,0,3,0,0,0,0,0,3,0,0,0,2,0
2307,0,0,0,0,0,3,20,0,0,1,4,0,0,7,1,8,0,0,0,0,4,0,0,0,1,3,2,0,0,0,2,0,1,0,0,0,1,0,1,0,0,1,0,0,0,0,0,1,0,0,0,0,0,0,0,0,0,0,0
Hextech Gunblade,3,0,0,5,14,0,7,0,0,1,0,1,4,5,1,1,6,0,1,23,3,0,2,0,0,0,0,1,4,8,1,2,4,0,1,0,0,1,2,1,0,2,0,1,0,0,0,0,0,0,0,15,2,0,1,0,0,4,1
Dragon's Claw,0,2,0,0,1,22,8,0,1,0,3,0,6,0,0,31,3,0,0,0,26,17,1,0,0,0,0,1,3,0,1,1,11,0,0,0,1,0,19,0,0,0,2,0,0,1,0,1,0,0,0,0,0,1,2,0,0,2,0
Titan's Vow,0,0,0,0,0,0,0,0,0,0,0,0,0,0,0,0,0,0,0,0,0,1,0,0,0,0,0,0,0,0,0,0,0,0,0,0,0,0,0,0,0,0,0,0,0,0,0,0,0,0,0,0,0,0,0,0,0,0,0
Thief's Gloves,3,4,8,3,4,3,5,0,1,3,5,0,15,14,1,23,5,0,10,0,22,14,6,2,1,1,1,0,3,0,2,1,3,1,0,0,3,0,6,3,1,4,0,0,4,0,2,5,1,1,0,0,0,9,5,1,1,2,0
Redemption,0,3,4,0,3,14,3,0,0,1,6,0,9,0,0,26,1,0,0,0,12,18,1,1,0,0,0,0,11,0,1,2,2,0,0,1,1,0,15,1,2,2,1,0,1,0,1,1,1,0,0,0,0,1,0,0,0,1,0
Runaan's Hurricane,4,0,0,16,0,0,2,0,0,2,0,8,3,12,19,1,0,0,4,0,2,1,2,1,0,0,1,0,0,0,8,0,7,0,0,0,1,0,0,1,0,0,0,53,3,0,0,0,0,4,0,0,0,1,2,0,0,0,0
Rabadon's Deathcap,0,0,2,0,6,1,3,0,0,4,2,0,1,3,0,5,10,0,11,5,3,0,7,0,1,1,1,1,3,6,0,3,1,2,0,0,1,1,3,1,0,4,0,0,1,0,1,1,1,0,2,4,3,1,0,0,1,1,1
Warmog's Armor,0,13,1,0,0,36,10,0,2,1,6,0,15,1,0,36,3,0,0,0,30,30,1,1,0,2,0,1,6,0,1,0,5,0,0,0,1,0,40,0,1,0,2,0,1,1,0,2,0,0,0,0,0,0,0,0,0,3,0
Tear of the Goddess,0,0,5,1,2,0,0,0,0,6,3,1,5,1,0,10,2,1,1,0,1,0,3,6,3,1,0,0,0,0,0,1,0,0,0,0,1,0,1,0,0,0,0,0,0,0,0,1,0,0,1,0,1,4,0,0,0,0,0
2316,0,0,0,0,0,0,1,0,0,0,1,0,0,0,0,0,0,0,0,0,0,0,0,1,1,0,0,0,0,9,0,0,0,0,0,0,0,0,0,0,0,0,0,0,0,0,0,0,0,0,0,1,0,0,0,0,0,0,0
2426,0,0,1,0,0,0,0,0,0,0,1,0,0,0,1,2,0,0,0,0,1,0,0,1,0,0,0,0,1,0,0,0,0,0,0,0,0,0,3,0,0,0,0,0,0,0,0,0,0,0,0,0,0,1,0,0,0,1,0
Giant's Belt,2,2,1,0,0,1,1,0,3,3,6,1,2,0,0,9,0,0,2,0,2,5,3,0,0,0,0,0,4,0,0,1,0,0,0,0,1,0,2,1,0,0,1,0,0,0,0,0,0,0,0,0,0,6,0,0,0,1,0
B.F. Sword,2,0,2,1,0,0,2,0,0,0,0,1,0,3,0,1,0,2,1,0,3,1,1,1,0,0,0,0,0,0,0,0,1,0,0,0,0,0,0,0,0,0,0,0,0,0,1,0,0,0,0,0,0,0,2,0,0,0,0
2314,0,1,2,0,1,1,0,0,2,0,4,0,9,2,1,1,0,0,0,0,0,0,1,2,1,0,0,1,0,0,1,0,1,1,0,0,0,0,1,0,0,0,0,0,0,0,1,0,0,0,0,0,0,0,1,0,0,0,0
3005,0,0,0,0,0,0,0,0,1,0,0,0,0,0,0,0,0,0,0,0,0,0,0,0,0,1,0,0,0,0,0,0,0,0,0,0,0,0,0,0,1,0,0,0,0,0,0,0,0,0,0,0,0,0,0,0,0,0,0
Recurve Bow,0,0,5,1,3,0,1,0,1,4,1,3,2,4,0,3,2,2,2,0,1,2,1,1,1,0,0,0,0,0,0,0,0,0,0,2,0,0,1,0,1,0,0,0,0,0,0,0,0,0,0,0,0,1,0,0,0,0,0
Chain Vest,0,2,0,0,0,1,0,0,0,1,1,1,8,2,0,4,0,0,0,0,6,1,1,0,0,4,0,0,2,0,0,0,1,0,0,0,0,0,1,0,1,0,1,0,0,0,1,1,0,0,0,0,0,0,0,0,0,0,1
Jeweled Gauntlet,1,1,0,1,10,0,5,0,0,1,0,0,0,5,1,2,4,0,3,19,0,1,7,0,1,0,0,2,1,17,0,1,1,0,1,0,4,0,0,2,0,4,0,0,0,0,1,3,0,0,1,15,3,0,0,0,0,2,1
3003,2,0,1,1,7,1,0,0,0,0,0,1,0,1,1,0,2,0,0,1,0,0,6,1,1,0,0,0,0,1,0,0,0,0,0,0,0,2,0,1,2,0,0,0,0,0,1,0,0,0,0,0,0,0,0,0,0,0,0
2312,1,0,0,0,2,0,1,0,0,1,0,0,0,2,0,3,0,0,0,0,4,0,0,0,0,0,0,1,0,0,0,0,0,0,0,0,0,0,0,0,0,0,0,0,0,0,2,0,1,0,0,0,0,2,0,0,0,0,0
9003,0,0,0,0,0,4,0,0,0,0,0,0,1,0,0,1,0,0,0,0,3,5,0,0,0,0,0,0,0,0,0,0,0,0,0,0,0,0,1,0,0,0,0,0,0,0,0,0,0,0,0,0,0,0,0,0,0,0,0
3002,3,0,5,0,4,9,2,0,0,0,1,1,0,0,0,2,0,0,1,0,1,0,1,0,0,0,0,0,0,0,0,0,0,0,0,0,0,1,0,0,2,0,0,0,0,2,1,0,0,0,0,0,0,0,0,0,0,0,0
2301,0,1,11,0,7,0,1,0,0,0,1,0,0,0,0,0,0,0,0,0,0,0,0,2,0,0,0,0,0,0,0,0,0,0,0,0,0,0,0,0,0,0,0,0,0,0,0,0,0,0,0,1,0,0,0,0,0,0,0
2317,0,0,0,1,0,0,0,0,0,0,0,0,0,0,0,0,1,1,1,3,1,0,1,1,1,0,0,1,0,0,0,0,1,0,0,0,0,0,1,1,0,0,0,0,0,0,0,0,0,0,0,2,0,0,0,0,0,0,0
2300,0,0,0,0,0,0,0,0,0,0,0,0,0,4,0,0,1,0,0,1,0,0,0,0,0,0,0,0,0,0,0,0,0,0,0,0,0,0,0,0,0,0,0,0,2,0,0,0,0,0,0,0,0,0,0,0,0,0,0
Needlessly Large Rod,1,0,5,1,4,1,5,0,1,6,1,1,2,2,1,4,0,2,3,0,3,3,2,2,0,0,0,0,0,0,0,0,0,1,1,1,2,0,1,4,0,0,0,1,0,0,0,0,1,0,0,0,0,0,0,1,0,0,0
3000,0,0,0,0,0,23,0,0,0,0,1,0,0,0,0,0,0,0,0,0,1,0,0,0,0,0,0,0,0,0,0,0,0,0,0,0,0,0,0,0,0,0,0,0,0,0,0,0,0,0,0,0,0,0,0,0,0,0,0
3006,0,0,0,1,0,7,7,0,0,0,0,0,0,0,0,0,0,0,0,0,1,0,0,0,0,0,0,0,0,0,0,0,0,0,0,0,0,0,0,0,0,0,0,0,1,0,0,0,0,0,0,0,0,0,0,0,0,0,0
9001,0,1,0,0,0,2,0,0,0,0,0,0,0,0,0,3,0,0,0,0,3,0,0,0,0,0,0,0,0,0,0,0,3,0,0,0,0,0,1,0,0,0,0,0,0,0,0,0,0,0,0,0,0,0,0,0,1,0,0
3004,2,0,0,1,1,0,1,0,0,0,0,3,0,0,6,0,0,0,0,1,1,0,0,0,0,0,0,0,0,0,0,0,0,0,0,0,0,1,0,1,3,0,0,0,1,0,0,0,0,0,0,0,0,0,2,0,0,0,0
9004,0,0,0,3,0,0,0,0,0,0,0,0,0,0,3,0,0,0,0,0,0,0,0,0,0,0,0,0,0,0,2,0,3,0,0,0,0,0,0,0,1,0,0,0,0,0,0,0,0,1,0,0,0,0,0,0,0,0,0
Spatula,0,0,0,0,0,0,0,0,0,0,1,0,1,0,0,1,0,0,0,0,0,0,0,1,0,0,0,0,0,0,0,0,0,0,0,0,0,0,0,0,0,0,0,0,0,0,0,0,0,0,0,0,0,0,0,0,0,0,0
2303,0,0,1,2,0,0,1,0,0,0,0,0,0,1,1,2,0,0,0,0,0,0,1,0,0,0,0,0,0,1,0,0,0,0,0,0,0,0,1,0,0,0,0,0,0,0,0,0,0,0,0,0,1,0,0,0,0,1,0
Warmog's Pride,0,0,0,0,0,0,0,0,0,0,0,0,0,0,0,0,0,0,0,0,1,0,0,0,0,0,0,0,0,0,0,0,0,0,0,0,0,0,0,0,0,0,0,0,0,0,0,0,0,0,0,0,0,0,0,0,0,0,0
2324,0,0,3,0,0,0,0,0,0,0,0,0,0,0,0,1,0,0,0,0,0,0,0,0,0,0,0,0,0,0,0,0,0,0,0,0,0,0,0,0,0,0,0,0,0,0,0,0,0,0,0,0,0,0,0,0,0,0,0
2323,0,0,5,1,1,0,0,0,0,0,0,0,1,1,0,1,1,0,0,0,0,0,0,0,1,0,0,0,0,0,0,0,1,0,0,0,0,0,1,0,1,0,0,0,0,0,0,1,0,0,0,0,0,0,0,0,0,0,0
2305,0,1,0,0,1,0,2,0,0,2,0,2,1,4,0,0,0,0,1,0,0,0,0,1,0,0,0,0,0,0,0,0,0,0,0,0,2,0,1,0,1,0,0,0,0,0,1,1,0,0,0,1,0,0,0,0,0,0,0
Tactician's Crown,0,0,0,0,0,0,2,0,1,0,1,2,1,0,0,1,1,1,0,0,1,0,0,1,1,0,0,0,0,0,0,0,0,0,2,0,0,0,0,0,0,0,0,0,0,0,0,0,0,0,0,0,0,0,0,0,1,0,0
9009,0,0,0,1,0,0,1,0,0,0,0,0,0,0,0,0,0,0,0,0,0,0,0,0,0,0,0,0,0,0,0,0,2,0,0,0,0,0,0,0,0,0,0,1,0,0,0,0,0,0,0,0,0,0,0,0,0,0,1
9006,0,0,0,2,0,0,0,0,0,0,0,0,0,2,1,0,0,0,0,0,0,0,0,0,0,0,0,0,0,1,0,1,0,0,0,0,0,0,0,0,0,0,0,0,0,0,0,0,0,0,0,0,0,0,1,0,0,0,0
9010,0,1,0,0,0,0,0,0,0,0,0,0,0,0,0,0,0,0,0,1,0,0,0,0,0,0,0,1,0,1,0,0,0,0,0,0,1,0,0,0,0,0,0,0,0,0,0,0,0,0,0,2,0,0,0,0,0,0,0
Mistral,0,0,0,0,0,0,0,0,1,0,0,0,0,0,0,0,0,0,0,0,0,0,0,0,0,0,0,0,0,0,0,0,0,0,0,0,0,0,0,0,0,0,0,0,0,0,0,0,0,0,0,0,0,0,0,0,0,0,0
2302,0,0,0,0,1,0,2,0,0,1,3,2,1,1,0,2,1,0,1,0,1,0,0,1,0,1,0,0,0,0,0,0,0,0,0,1,0,1,0,0,0,0,0,0,0,0,1,0,0,0,0,0,0,0,0,0,0,0,0
Demonslayer,0,0,0,0,0,0,0,0,0,0,0,0,0,0,0,0,0,0,0,0,0,0,0,0,0,0,0,0,0,0,0,0,1,0,0,0,0,0,0,0,0,0,0,0,0,0,0,0,0,0,0,0,0,0,0,0,0,0,0
9007,0,0,0,0,0,0,0,0,0,0,0,0,0,0,0,0,0,0,1,0,0,0,0,0,0,0,0,0,0,0,0,0,0,1,0,0,0,0,0,0,0,0,0,0,0,1,0,0,0,0,0,0,0,0,0,0,0,0,0
2315,0,0,0,0,0,0,1,0,0,0,0,3,0,2,0,0,0,0,0,0,0,0,0,1,0,0,0,0,0,0,0,1,0,0,0,6,0,0,0,0,1,0,0,0,0,0,0,0,1,0,0,0,0,1,0,0,0,0,1
9002,0,0,0,1,0,0,0,0,0,0,0,0,0,0,0,0,0,0,0,0,0,0,0,0,0,0,1,0,1,0,0,0,3,0,0,0,0,0,0,0,0,0,0,0,0,0,0,0,0,0,0,0,0,0,1,0,0,0,0
2310,0,0,0,0,0,0,1,0,0,0,0,0,0,1,0,0,0,0,0,0,0,1,1,1,0,0,0,0,0,0,0,0,0,0,0,0,0,0,0,0,0,0,0,0,0,0,1,0,0,0,0,0,0,0,0,0,0,0,0
2313,0,0,1,0,0,0,0,0,0,0,0,0,0,0,0,0,0,0,1,0,0,0,1,0,0,0,0,0,0,0,0,0,1,0,0,0,0,0,0,0,1,0,0,0,0,0,1,0,0,0,0,0,0,0,0,0,0,0,0
3008,0,0,0,0,0,0,0,0,0,0,0,1,0,0,1,0,0,0,0,0,0,0,0,0,0,0,0,0,0,0,0,0,0,0,0,0,0,0,0,0,0,0,0,0,2,0,1,0,0,0,0,0,0,0,0,0,0,0,0
Sunlight Cape,0,0,0,0,0,0,0,0,0,0,0,0,0,0,0,0,0,0,0,0,0,0,0,0,0,0,0,0,0,0,0,0,0,0,0,0,0,0,0,0,0,0,0,0,0,0,0,0,0,0,0,0,0,0,0,0,0,0,0
2308,0,0,0,0,0,0,0,0,0,2,0,0,0,3,0,0,0,0,0,0,0,0,0,0,0,0,0,0,0,0,0,1,1,1,0,0,0,0,0,0,0,0,0,0,0,0,0,0,0,0,0,0,0,0,0,0,0,0,0
2425,0,0,0,0,0,0,0,0,0,0,0,0,0,0,0,0,0,0,0,0,0,0,0,0,0,0,0,0,0,0,0,0,0,0,0,0,0,0,0,0,0,0,0,0,0,0,0,0,0,0,0,0,0,0,0,0,0,0,0
Spear of Hirana,0,0,0,0,0,0,0,0,0,0,0,0,0,0,0,0,0,0,0,0,0,0,0,0,0,0,0,0,0,0,0,0,0,0,0,0,0,0,0,0,0,0,0,0,0,0,0,0,0,0,0,0,0,0,0,0,0,0,0
Blessed Bloodthirster,0,0,0,0,0,0,0,0,0,0,0,0,0,0,0,0,0,0,0,0,0,0,0,0,0,0,0,0,0,0,0,0,2,0,0,0,0,0,0,0,0,0,0,0,0,0,0,0,0,0,0,0,0,0,0,0,0,0,0
Statikk Favor,0,0,0,0,1,0,0,0,0,0,0,0,0,0,0,0,0,0,0,0,0,0,0,0,0,0,0,0,0,0,0,0,0,0,0,0,0,0,0,0,0,0,0,0,0,0,0,0,0,0,0,0,0,0,0,0,0,0,0
Urf-Angel's Staff,0,0,0,0,0,0,0,0,0,0,0,0,0,0,0,0,0,0,0,0,0,0,0,0,0,0,0,0,0,0,0,0,0,0,0,0,0,0,0,0,0,0,0,0,0,0,0,0,0,0,0,0,0,0,0,0,0,0,0
Fist of Fairness,0,0,0,1,0,0,0,0,0,0,0,0,0,0,0,0,0,0,0,0,0,0,0,0,0,0,0,0,0,1,0,0,0,0,0,0,0,0,0,0,0,0,0,1,0,0,0,0,0,0,0,0,0,0,1,0,0,0,0
3012,0,0,0,0,0,0,0,0,0,0,0,0,0,0,0,0,0,0,0,0,0,0,0,0,0,0,0,0,0,0,0,0,0,0,0,0,0,0,0,0,0,0,0,0,0,0,0,0,0,0,0,0,0,0,0,0,0,0,0
3013,0,0,0,0,0,0,0,0,0,0,0,0,0,0,0,0,0,0,0,0,0,0,0,0,0,0,0,0,0,0,0,0,0,0,0,0,0,0,0,0,0,0,0,0,0,0,0,0,0,0,0,0,0,0,0,0,0,0,0
3014,0,0,0,0,0,0,0,0,0,0,0,0,0,0,0,0,0,0,0,0,0,0,0,0,0,0,0,0,0,0,0,0,0,0,0,0,0,0,0,0,0,0,0,0,0,0,0,0,0,0,0,0,0,0,0,0,0,0,0
3010,0,0,0,0,0,0,0,0,0,0,0,0,0,0,0,0,0,0,0,0,0,0,0,0,0,0,0,0,0,0,0,0,0,0,0,0,0,0,0,0,0,0,0,0,0,0,0,0,0,0,0,0,0,0,0,0,0,0,0
