name,TFT7_Tristana,TFT7_Braum,TFT7_Lulu,TFT7_Corki,TFT7_Sona,TFT7_DragonGold,TFT7_Yasuo,TFT7_TrainerDragon,TFT7_Sejuani,TFT7_Qiyana,TFT7_Shen,TFT7_Twitch,TFT7_Hecarim,TFT7_Talon,TFT7_Xayah,TFT7_Ornn,TFT7_Pyke,TFT7_Heimerdinger,TFT7_Nami,TFT7_Ryze,TFT7_Sylas,TFT7_Illaoi,TFT7_Zoe,TFT7_Bard,TFT7_Soraka,TFT7_Leona,TFT7_Yone,TFT7_Lillia,TFT7_Nunu,TFT7_DragonBlue,TFT7_Olaf,TFT7_Diana,TFT7_DragonPurple,TFT7_Sett,TFT7_Karma,TFT7_Ashe,TFT7_LeeSin,TFT7_Swain,TFT7_Neeko,TFT7_Jinx,TFT7_Volibear,TFT7_Anivia,TFT7_TahmKench,TFT7_Varus,TFT7_Kayn,TFT7_Aatrox,TFT7_Thresh,TFT7_Vladimir,TFT7_Skarner,TFT7_Nidalee,TFT7_Elise,TFT7_AoShin,TFT7_AurelionSol,TFT7_Gnar,TFT7_DragonGreen,TFT7_Senna,TFT7_Taric,TFT7_Shyvana,TFT7_Ezreal
Zeke's Herald,6.5,0.0,3.761904761904762,7.0,2.5,0.0,3.5,0.0,6.0,2.5,3.6666666666666665,4.2,0.0,2.9,2.5,3.125,2.0,2.6,3.3333333333333335,2.0,3.3333333333333335,0.0,2.0,2.75,3.6666666666666665,6.0,3.4,4.0,3.5,0.0,0.0,2.3333333333333335,0.0,5.0,4.0,4.5,0.0,1.0,0.0,4.0,0.0,0.0,8.0,3.0,1.0,1.0,4.25,0.0,0.0,0.0,1.0,0.0,0.0,4.0,3.0,2.75,0.0,6.0,2.0
Chalice of Power,0.0,7.0,3.3333333333333335,0.0,3.75,0.0,0.0,0.0,0.0,2.5,5.0,3.6666666666666665,4.0,1.0,0.0,4.0,5.0,4.25,4.0,0.0,4.0,0.0,2.6666666666666665,5.0,1.0,0.0,1.0,0.0,3.0,0.0,0.0,0.0,0.0,0.0,4.0,5.0,7.0,2.0,2.0,7.0,5.0,0.0,8.0,0.0,2.0,0.0,0.0,6.0,0.0,0.0,0.0,0.0,1.0,3.5,5.0,0.0,0.0,1.0,0.0
Giant Slayer,6.0,8.0,8.0,4.1923076923076925,4.5,0.0,3.8666666666666667,0.0,0.0,3.0,0.0,3.0,2.0,4.333333333333333,4.32183908045977,4.666666666666667,4.333333333333333,0.0,2.8,3.6666666666666665,6.0,0.0,2.3333333333333335,3.0,0.0,0.0,5.2,2.6666666666666665,1.0,4.761904761904762,3.0,3.75,3.4,6.0,0.0,5.0,6.0,4.4,4.0,6.0,0.0,2.3333333333333335,0.0,5.25,8.0,0.0,0.0,0.0,0.0,3.3333333333333335,6.0,6.666666666666667,4.5,1.3333333333333333,4.454545454545454,0.0,0.0,4.0,2.0
Hand Of Justice,5.166666666666667,0.0,0.0,4.472222222222222,4.8,0.0,3.5,0.0,0.0,5.0,0.0,6.0,2.0,4.088235294117647,4.7727272727272725,2.0,3.0,0.0,5.0,6.0,4.666666666666667,2.0,2.4,0.0,0.0,0.0,5.6,3.0,3.0,4.416666666666667,5.0,0.0,3.65625,0.0,5.0,0.0,0.0,6.0,5.5,0.0,2.0,1.0,0.0,3.6923076923076925,0.0,0.0,0.0,4.0,0.0,2.6666666666666665,4.333333333333333,1.0,4.0,4.5,4.533333333333333,2.0,0.0,3.2,0.0
3001,5.8,0.0,0.0,6.285714285714286,6.0,0.0,2.0,0.0,0.0,0.0,0.0,0.0,0.0,0.0,6.4,0.0,0.0,0.0,0.0,0.0,0.0,0.0,0.0,4.0,8.0,0.0,0.0,0.0,0.0,0.0,0.0,0.0,5.0,0.0,0.0,0.0,0.0,8.0,0.0,0.0,8.0,0.0,0.0,0.0,3.0,0.0,0.0,0.0,0.0,0.0,0.0,0.0,0.0,0.0,0.0,0.0,0.0,0.0,0.0
Archangel's Staff,0.0,0.0,0.0,7.0,4.6923076923076925,0.0,2.6,0.0,0.0,4.5,0.0,0.0,2.0,2.0,4.0,3.0,3.8,0.0,4.6,4.405405405405405,3.5,5.0,2.8181818181818183,0.0,2.6666666666666665,0.0,0.0,4.75,4.0,4.391304347826087,0.0,3.5,2.5,0.0,5.0,0.0,4.0,4.444444444444445,5.333333333333333,4.5,0.0,4.294117647058823,0.0,0.0,0.0,0.0,0.0,0.0,0.0,0.0,4.111111111111111,3.8181818181818183,5.666666666666667,0.0,0.0,1.0,0.0,1.75,0.0
Locket of the Iron Solari,6.0,5.5,4.857142857142857,0.0,2.2,5.0,6.0,0.0,4.25,3.0,3.0,1.0,4.555555555555555,4.0,0.0,3.6666666666666665,3.6666666666666665,0.0,4.833333333333333,0.0,3.4444444444444446,4.333333333333333,2.0,0.0,3.0,4.0,4.5,1.0,3.5,0.0,0.0,3.3333333333333335,7.0,0.0,0.0,0.0,0.0,2.0,5.0,3.6666666666666665,4.333333333333333,0.0,0.0,0.0,0.0,0.0,8.0,3.0,5.0,0.0,0.0,0.0,0.0,3.0,3.3333333333333335,0.0,0.0,0.0,0.0
Bramble Vest,0.0,5.6,7.0,0.0,1.0,5.2,1.3333333333333333,0.0,5.0,0.0,5.5,0.0,4.0,0.0,0.0,3.7142857142857144,4.0,0.0,0.0,0.0,4.541666666666667,3.8947368421052633,0.0,3.0,0.0,8.0,0.0,1.0,4.428571428571429,0.0,0.0,0.0,3.6,0.0,0.0,0.0,0.0,0.0,4.285714285714286,0.0,2.0,0.0,2.5,0.0,0.0,0.0,3.0,0.0,0.0,0.0,0.0,0.0,0.0,4.0,8.0,0.0,0.0,0.0,0.0
Sunfire Cape,6.0,6.0,0.0,0.0,0.0,5.64,3.5,0.0,4.0,4.25,3.4545454545454546,0.0,2.8947368421052633,4.2444444444444445,0.0,4.169491525423729,3.2,0.0,0.0,0.0,4.217391304347826,3.979591836734694,3.0,0.0,4.0,8.0,0.0,3.5,3.9166666666666665,0.0,0.0,4.1,3.7,0.0,0.0,0.0,6.0,0.0,3.98,0.0,5.333333333333333,3.0,4.2,0.0,0.0,8.0,3.0,5.666666666666667,4.5,0.0,0.0,0.0,0.0,3.0,0.0,0.0,3.0,1.6666666666666667,0.0
9008,0.0,6.0,0.0,0.0,0.0,5.0,0.0,0.0,8.0,0.0,2.0,0.0,0.0,0.0,0.0,2.75,0.0,0.0,0.0,0.0,2.0,6.0,0.0,7.0,0.0,0.0,0.0,0.0,0.0,0.0,0.0,0.0,0.0,0.0,0.0,0.0,0.0,0.0,2.0,0.0,0.0,0.0,0.0,0.0,0.0,0.0,0.0,0.0,0.0,0.0,0.0,0.0,0.0,0.0,0.0,0.0,0.0,0.0,0.0
41105,0.0,0.0,0.0,0.0,0.0,0.0,0.0,4.631818181818182,0.0,0.0,0.0,0.0,0.0,0.0,0.0,0.0,0.0,0.0,0.0,0.0,0.0,0.0,0.0,0.0,0.0,0.0,0.0,0.0,0.0,0.0,0.0,0.0,0.0,0.0,0.0,0.0,0.0,0.0,0.0,0.0,0.0,0.0,0.0,0.0,0.0,0.0,0.0,0.0,0.0,0.0,0.0,0.0,0.0,0.0,0.0,0.0,0.0,0.0,0.0
Infinity Edge,3.3333333333333335,0.0,0.0,5.2926829268292686,5.0,0.0,3.7333333333333334,0.0,0.0,3.0,0.0,2.0,5.0,4.119402985074627,4.7272727272727275,4.0,3.2857142857142856,3.0,6.0,6.0,1.5,0.0,0.0,0.0,0.0,0.0,3.5,0.0,0.0,3.611111111111111,3.6666666666666665,4.285714285714286,4.326086956521739,7.0,4.5,0.0,5.0,0.0,0.0,4.666666666666667,6.0,4.0,0.0,4.6875,0.0,0.0,0.0,0.0,0.0,0.0,3.6666666666666665,2.2857142857142856,0.0,5.0,4.769230769230769,2.0,0.0,0.0,0.0
Banshee's Claw,4.0,0.0,3.619047619047619,4.0,2.75,0.0,3.75,0.0,3.0,3.3333333333333335,3.0,3.764705882352941,5.2,3.25,5.0,3.5,0.0,3.0,3.2857142857142856,0.0,3.6,3.0,2.8333333333333335,3.909090909090909,1.5,0.0,1.0,0.0,0.0,0.0,0.0,1.0,0.0,0.0,0.0,0.0,3.0,4.0,5.0,5.75,4.0,0.0,1.0,0.0,0.0,3.0,7.0,4.0,0.0,0.0,0.0,0.0,0.0,3.0,1.0,0.0,0.0,0.0,0.0
2318,0.0,0.0,0.0,5.0,0.0,3.0,3.0,0.0,0.0,4.5,0.0,0.0,3.25,0.0,5.125,5.0,2.0,4.0,0.0,0.0,2.0,0.0,2.0,0.0,0.0,0.0,0.0,5.0,8.0,0.0,0.0,0.0,3.5,0.0,0.0,0.0,0.0,0.0,0.0,0.0,0.0,0.0,0.0,3.3333333333333335,0.0,0.0,0.0,0.0,0.0,0.0,0.0,7.5,0.0,0.0,5.0,0.0,0.0,0.0,0.0
Gargoyle Stoneplate,0.0,5.5,0.0,0.0,0.0,5.425531914893617,3.75,0.0,0.0,0.0,3.6666666666666665,0.0,4.0,4.0,0.0,4.048780487804878,0.0,0.0,0.0,0.0,4.4423076923076925,4.0,3.5,0.0,0.0,6.0,0.0,4.666666666666667,4.0,0.0,2.0,0.0,4.333333333333333,0.0,0.0,0.0,6.0,0.0,3.5789473684210527,0.0,6.0,0.0,2.5,0.0,0.0,0.0,8.0,0.0,0.0,0.0,0.0,0.0,0.0,5.0,5.0,0.0,0.0,0.0,0.0
Titan's Resolve,5.0,8.0,4.0,5.5,0.0,6.0,3.3529411764705883,0.0,2.0,2.0,0.0,0.0,3.5,4.571428571428571,3.0,4.7,2.6666666666666665,4.0,0.0,6.0,4.0,3.8333333333333335,0.0,0.0,0.0,0.0,6.0,8.0,4.2,0.0,2.0,2.3333333333333335,4.333333333333333,6.0,0.0,0.0,4.5,6.5,4.166666666666667,0.0,2.0,0.0,0.0,0.0,0.0,0.0,0.0,0.0,8.0,6.0,0.0,0.0,0.0,4.0,3.7083333333333335,1.0,0.0,4.0,0.0
Bloodthirster,3.0,0.0,0.0,3.5,6.0,0.0,3.392857142857143,0.0,0.0,0.0,0.0,0.0,0.0,4.368421052631579,4.428571428571429,2.6363636363636362,2.0,2.0,0.0,2.0,3.0,2.0,8.0,0.0,0.0,0.0,6.75,3.75,4.833333333333333,7.0,4.0,0.0,4.396825396825397,6.0,0.0,0.0,0.0,0.0,3.0,0.0,5.0,1.0,0.0,0.0,0.0,0.0,0.0,0.0,0.0,1.0,5.0,1.0,0.0,8.0,3.875,0.0,0.0,1.0,0.0
Last Whisper,5.166666666666667,0.0,4.5,4.571428571428571,1.0,0.0,3.25,0.0,0.0,3.0,1.0,3.4,0.0,3.823529411764706,4.142857142857143,1.0,2.0,0.0,3.0,0.0,0.0,1.0,2.0,2.0,0.0,0.0,5.0,0.0,0.0,0.0,6.0,0.0,1.5,0.0,0.0,0.0,4.0,6.0,0.0,0.0,0.0,0.0,0.0,1.25,0.0,0.0,0.0,0.0,0.0,0.0,4.0,0.0,0.0,0.0,5.0,0.0,0.0,0.0,0.0
Guinsoo's Rageblade,5.5,0.0,2.25,4.611940298507463,3.9,1.0,1.0,0.0,0.0,2.3333333333333335,0.0,4.2,5.0,2.857142857142857,4.666666666666667,0.0,3.75,0.0,4.888888888888889,4.0,1.0,1.0,3.875,3.6666666666666665,0.0,0.0,8.0,0.0,0.0,4.571428571428571,2.0,8.0,4.527777777777778,4.2,0.0,4.5,0.0,4.08,6.0,3.3333333333333335,4.5,1.0,0.0,4.263888888888889,0.0,3.0,0.0,3.0,5.0,4.111111111111111,3.75,4.4,0.0,2.0,3.6923076923076925,3.0,0.0,2.0,0.0
94,1.0,0.0,4.0,4.2,6.0,0.0,3.0,0.0,0.0,2.0,3.0,2.0,6.666666666666667,4.6,5.142857142857143,3.0,4.0,0.0,2.0,2.0,4.333333333333333,5.0,2.0,3.5,0.0,0.0,3.5,0.0,0.0,1.5,7.0,1.5,3.3333333333333335,0.0,0.0,0.0,0.0,1.0,3.0,0.0,6.0,0.0,0.0,2.0,0.0,0.0,1.0,0.0,0.0,3.0,6.666666666666667,3.0,2.5,0.0,3.2,0.0,0.0,5.0,0.0
Shroud of Stillness,4.0,5.333333333333333,3.125,0.0,4.5,7.5,3.5,0.0,3.6,4.666666666666667,2.0,4.333333333333333,3.7142857142857144,4.333333333333333,7.0,4.0,3.3333333333333335,4.0,4.333333333333333,0.0,4.0,2.875,6.0,2.5,0.0,5.25,1.0,3.0,6.0,0.0,0.0,0.0,2.75,2.0,4.0,0.0,4.0,0.0,3.25,0.0,0.0,0.0,4.0,0.0,3.6666666666666665,3.0,5.0,3.75,7.0,0.0,0.0,0.0,0.0,5.0,1.0,0.0,0.0,3.0,0.0
2325,0.0,0.0,0.0,0.0,0.0,0.0,3.8,0.0,0.0,0.0,3.3333333333333335,0.0,0.0,0.0,0.0,0.0,0.0,0.0,0.0,0.0,5.0,3.0,3.0,0.0,0.0,0.0,0.0,1.0,5.0,0.0,3.5789473684210527,0.0,4.0,0.0,0.0,0.0,0.0,0.0,0.0,0.0,0.0,0.0,0.0,0.0,0.0,0.0,0.0,0.0,0.0,0.0,0.0,0.0,0.0,5.0,3.25,0.0,0.0,0.0,0.0
Blue Buff,0.0,0.0,3.125,4.5,2.6666666666666665,0.0,3.6129032258064515,0.0,0.0,4.0,2.5,7.0,4.214285714285714,5.0,0.0,3.0,4.0,6.0,2.3333333333333335,0.0,0.0,0.0,4.2,4.75,2.0,3.0,0.0,0.0,5.0,0.0,0.0,0.0,0.0,0.0,4.5,1.0,0.0,0.0,0.0,1.0,0.0,5.0,0.0,0.0,7.0,0.0,0.0,4.0,0.0,0.0,5.0,1.0,0.0,4.0,0.0,0.0,4.0,0.0,4.0
Morellonomicon,0.0,0.0,4.0,0.0,3.090909090909091,0.0,0.0,0.0,0.0,4.666666666666667,0.0,4.0,3.625,0.0,0.0,3.782608695652174,1.0,0.0,4.5,0.0,6.0,4.0,4.0,0.0,0.0,0.0,0.0,0.0,0.0,4.333333333333333,0.0,0.0,0.0,2.0,0.0,1.0,0.0,0.0,4.0,0.0,0.0,4.5,0.0,0.0,0.0,0.0,0.0,0.0,0.0,0.0,1.0,0.0,4.0,0.0,0.0,0.0,0.0,3.0,0.0
Spear of Shojin,6.0,0.0,3.6666666666666665,0.0,4.0,1.0,4.0,0.0,0.0,7.5,5.333333333333333,1.0,0.0,7.0,0.0,0.0,4.0,0.0,4.882352941176471,4.446808510638298,2.0,2.0,3.6296296296296298,4.071428571428571,3.2,0.0,5.0,0.0,0.0,4.333333333333333,0.0,0.0,0.0,0.0,0.0,3.6666666666666665,0.0,0.0,4.0,0.0,0.0,4.75,0.0,6.666666666666667,0.0,0.0,0.0,0.0,0.0,0.0,0.0,3.484848484848485,5.0,0.0,5.5,0.0,0.0,1.0,0.0
Rapid Firecannon,5.0,0.0,3.5,4.0,2.5,0.0,4.25,0.0,0.0,0.0,5.0,2.0,5.0,4.2727272727272725,5.0,4.0,2.6666666666666665,0.0,4.5,3.0,0.0,3.0,3.0,3.0,0.0,0.0,8.0,0.0,0.0,0.0,3.0,0.0,5.0,0.0,0.0,0.0,3.0,4.0,0.0,1.0,0.0,0.0,0.0,1.5,1.0,0.0,0.0,0.0,0.0,5.0,4.0,0.0,0.0,5.0,2.0,0.0,0.0,0.0,0.0
Statikk Shiv,4.5,0.0,3.5454545454545454,5.111111111111111,3.4545454545454546,0.0,3.0,0.0,5.0,4.5,0.0,4.75,0.0,3.0,3.5,0.0,5.0,6.0,3.4347826086956523,3.8,6.5,5.0,3.761904761904762,4.444444444444445,1.0,0.0,5.0,0.0,3.6666666666666665,4.933333333333334,0.0,5.0,5.0,4.0,0.0,2.5,7.0,4.0,6.0,4.571428571428571,0.0,3.7142857142857144,0.0,2.8333333333333335,0.0,3.0,0.0,6.0,0.0,0.0,4.0,5.142857142857143,7.666666666666667,0.0,0.0,2.0,0.0,0.0,5.0
Deathblade,5.625,0.0,6.0,5.0,0.0,0.0,2.9,0.0,0.0,0.0,0.0,4.5,0.0,4.214285714285714,5.083333333333333,3.0,4.0,0.0,0.0,0.0,0.0,0.0,6.0,0.0,0.0,0.0,8.0,0.0,4.0,0.0,4.0,3.0,4.5,5.0,0.0,0.0,0.0,0.0,8.0,0.0,0.0,0.0,0.0,4.1891891891891895,5.0,0.0,5.0,0.0,5.0,4.222222222222222,0.0,0.0,0.0,2.0,3.5,6.0,0.0,0.0,0.0
Quicksilver,6.166666666666667,3.0,7.0,5.428571428571429,4.666666666666667,4.5,3.7142857142857144,0.0,0.0,2.0,5.0,0.0,3.5,3.3,4.290909090909091,4.142857142857143,1.75,8.0,0.0,5.5,4.0,2.4,2.2,0.0,0.0,0.0,4.0,0.0,0.0,4.384615384615385,5.0,0.0,4.25,4.0,0.0,0.0,1.0,3.769230769230769,4.0,0.0,2.5,0.0,0.0,3.6363636363636362,4.5,0.0,0.0,0.0,0.0,4.1875,3.1666666666666665,6.0,0.0,0.0,5.142857142857143,4.0,0.0,4.0,0.0
9005,0.0,0.0,0.0,0.0,4.0,0.0,0.0,0.0,0.0,0.0,0.0,0.0,0.0,0.0,0.0,0.0,0.0,0.0,0.0,1.5,0.0,0.0,0.0,0.0,0.0,0.0,0.0,0.0,0.0,0.0,0.0,0.0,0.0,0.0,0.0,0.0,0.0,0.0,0.0,0.0,0.0,0.0,0.0,0.0,0.0,0.0,0.0,0.0,0.0,0.0,0.0,1.0,0.0,0.0,0.0,0.0,0.0,0.0,0.0
Zz'Rot Portal,0.0,5.25,0.0,0.0,0.0,2.0,4.0,0.0,5.0,3.0,4.285714285714286,0.0,2.8333333333333335,7.0,0.0,3.6363636363636362,4.0,2.0,0.0,0.0,3.739130434782609,3.8181818181818183,0.0,0.0,0.0,1.0,0.0,4.0,7.5,0.0,0.0,1.0,0.0,0.0,0.0,0.0,0.0,0.0,3.0833333333333335,2.0,0.0,0.0,3.5,0.0,3.0,3.5,5.666666666666667,3.5,6.0,0.0,0.0,0.0,0.0,5.5,0.0,0.0,0.0,0.0,4.0
Zephyr,5.2,2.6666666666666665,2.0,2.0,4.6,6.0,6.0,0.0,4.166666666666667,4.222222222222222,4.75,3.0,5.5,3.5,0.0,4.25,4.5,1.0,1.0,0.0,4.0,5.714285714285714,3.1666666666666665,2.8,2.0,7.0,0.0,5.0,6.0,0.0,0.0,0.0,2.0,0.0,0.0,0.0,4.0,1.5,5.5,0.0,0.0,0.0,0.0,0.0,2.0,0.0,3.75,5.0,0.0,0.0,5.0,2.0,0.0,2.3333333333333335,0.0,0.0,0.0,0.0,0.0
Ionic Spark,0.0,3.6666666666666665,3.6666666666666665,0.0,0.0,5.714285714285714,2.1666666666666665,0.0,0.0,3.5,4.666666666666667,0.0,3.375,3.8,0.0,3.1538461538461537,2.923076923076923,0.0,0.0,0.0,3.5483870967741935,3.0,0.0,0.0,0.0,0.0,0.0,3.4,4.166666666666667,0.0,0.0,3.6363636363636362,6.0,0.0,0.0,0.0,4.0,0.0,3.3125,0.0,1.0,4.0,2.5,0.0,0.0,3.0,0.0,0.0,2.0,0.0,0.0,0.0,0.0,0.0,1.0,0.0,4.0,1.5,0.0
2311,8.0,0.0,3.625,0.0,3.3043478260869565,4.666666666666667,2.8,0.0,8.0,2.0,0.0,0.0,0.0,0.0,0.0,3.5,5.0,0.0,0.0,0.0,0.0,3.0,0.0,3.6,3.6666666666666665,0.0,0.0,0.0,0.0,6.0,0.0,0.0,3.0,2.0,0.0,0.0,0.0,0.0,0.0,0.0,0.0,0.0,0.0,7.0,5.0,0.0,3.0,0.0,0.0,0.0,0.0,3.25,5.0,0.0,0.0,0.0,0.0,0.0,0.0
Negatron Cloak,0.0,7.0,0.0,6.0,0.0,7.0,2.0,0.0,4.666666666666667,0.0,4.75,0.0,5.5,2.0,7.0,3.75,0.0,0.0,7.5,0.0,2.5,5.0,0.0,0.0,3.0,0.0,0.0,8.0,1.0,0.0,0.0,0.0,0.0,0.0,0.0,0.0,4.0,0.0,0.0,0.0,0.0,3.0,0.0,0.0,0.0,0.0,0.0,0.0,5.0,0.0,0.0,0.0,0.0,5.5,0.0,0.0,0.0,0.0,0.0
Sparring Gloves,6.5,7.0,0.0,1.0,0.0,0.0,0.0,0.0,0.0,3.3333333333333335,0.0,5.0,0.0,3.0,2.0,3.6666666666666665,0.0,0.0,4.0,0.0,4.5,3.0,7.0,3.0,2.0,1.0,8.0,0.0,0.0,0.0,0.0,0.0,0.0,0.0,0.0,0.0,0.0,4.5,0.0,0.0,0.0,5.0,0.0,0.0,8.0,0.0,0.0,0.0,0.0,0.0,0.0,0.0,0.0,5.0,0.0,0.0,0.0,0.0,0.0
Frozen Heart,0.0,4.0,3.6666666666666665,0.0,0.0,6.285714285714286,4.125,0.0,5.0,4.975,5.666666666666667,0.0,5.333333333333333,4.483333333333333,0.0,4.5,2.888888888888889,4.0,0.0,0.0,2.7777777777777777,4.5625,2.5,1.5,1.0,0.0,0.0,0.0,3.25,0.0,0.0,3.4166666666666665,4.416666666666667,0.0,0.0,0.0,2.0,0.0,3.8181818181818183,0.0,3.0,0.0,4.0,0.0,4.5,8.0,0.0,4.666666666666667,0.0,0.0,0.0,0.0,0.0,1.6666666666666667,0.0,0.0,0.0,3.0,0.0
2307,0.0,0.0,0.0,0.0,0.0,6.333333333333333,3.3,0.0,0.0,7.0,4.25,0.0,0.0,3.5714285714285716,2.0,3.875,0.0,0.0,0.0,0.0,4.5,0.0,0.0,0.0,6.0,4.666666666666667,5.5,0.0,0.0,0.0,2.5,0.0,6.0,0.0,0.0,0.0,5.0,0.0,7.0,0.0,0.0,7.0,0.0,0.0,0.0,0.0,0.0,1.0,0.0,0.0,0.0,0.0,0.0,0.0,0.0,0.0,0.0,0.0,0.0
Hextech Gunblade,4.0,0.0,0.0,3.6,3.5714285714285716,0.0,3.142857142857143,0.0,0.0,3.0,0.0,4.0,3.5,3.8,2.0,4.0,4.833333333333333,0.0,8.0,4.391304347826087,2.0,0.0,2.5,0.0,0.0,0.0,0.0,4.0,3.25,4.5,4.0,2.0,3.0,0.0,4.0,0.0,0.0,5.0,5.5,4.0,0.0,5.5,0.0,7.0,0.0,0.0,0.0,0.0,0.0,0.0,0.0,3.2666666666666666,4.0,0.0,7.0,0.0,0.0,4.5,4.0
Dragon's Claw,0.0,7.5,0.0,0.0,6.0,4.818181818181818,2.5,0.0,7.0,0.0,4.666666666666667,0.0,3.5,0.0,0.0,3.838709677419355,3.6666666666666665,0.0,0.0,0.0,4.461538461538462,4.0,2.0,0.0,0.0,0.0,0.0,8.0,3.0,0.0,4.0,4.0,4.0,0.0,0.0,0.0,6.0,0.0,4.2105263157894735,0.0,0.0,0.0,4.5,0.0,0.0,8.0,0.0,8.0,0.0,0.0,0.0,0.0,0.0,1.0,5.0,0.0,0.0,2.5,0.0
Titan's Vow,0.0,0.0,0.0,0.0,0.0,0.0,0.0,0.0,0.0,0.0,0.0,0.0,0.0,0.0,0.0,0.0,0.0,0.0,0.0,0.0,0.0,3.0,0.0,0.0,0.0,0.0,0.0,0.0,0.0,0.0,0.0,0.0,0.0,0.0,0.0,0.0,0.0,0.0,0.0,0.0,0.0,0.0,0.0,0.0,0.0,0.0,0.0,0.0,0.0,0.0,0.0,0.0,0.0,0.0,0.0,0.0,0.0,0.0,0.0
Thief's Gloves,5.0,6.25,5.75,6.333333333333333,6.5,3.3333333333333335,3.8,0.0,1.0,4.333333333333333,6.2,0.0,4.2,3.7857142857142856,7.0,2.9130434782608696,3.6,0.0,5.5,0.0,3.6363636363636362,3.5,3.0,4.0,3.0,3.0,5.0,0.0,5.333333333333333,0.0,5.5,1.0,5.333333333333333,4.0,0.0,0.0,5.0,0.0,5.166666666666667,6.333333333333333,3.0,3.25,0.0,0.0,6.25,0.0,6.0,4.6,3.0,7.0,0.0,0.0,0.0,3.0,4.0,1.0,4.0,1.5,0.0
Redemption,0.0,4.666666666666667,5.25,0.0,1.6666666666666667,5.357142857142857,4.0,0.0,0.0,5.0,4.0,0.0,4.333333333333333,0.0,0.0,4.346153846153846,2.0,0.0,0.0,0.0,4.166666666666667,3.611111111111111,3.0,3.0,0.0,0.0,0.0,0.0,4.181818181818182,0.0,2.0,1.0,3.0,0.0,0.0,1.0,4.0,0.0,4.733333333333333,8.0,5.0,3.0,1.0,0.0,8.0,0.0,1.0,2.0,7.0,0.0,0.0,0.0,0.0,3.0,0.0,0.0,0.0,3.0,0.0
Runaan's Hurricane,5.75,0.0,0.0,5.4375,0.0,0.0,2.5,0.0,0.0,2.5,0.0,3.875,1.3333333333333333,3.5,4.2631578947368425,1.0,0.0,0.0,3.5,0.0,5.0,6.0,4.0,3.0,0.0,0.0,7.0,0.0,0.0,0.0,2.75,0.0,4.285714285714286,0.0,0.0,0.0,1.0,0.0,0.0,7.0,0.0,0.0,0.0,3.811320754716981,8.0,0.0,0.0,0.0,0.0,3.5,0.0,0.0,0.0,1.0,1.0,0.0,0.0,0.0,0.0
Rabadon's Deathcap,0.0,0.0,6.0,0.0,5.333333333333333,8.0,4.0,0.0,0.0,3.5,7.0,0.0,3.0,4.0,0.0,3.0,3.8,0.0,4.818181818181818,3.0,3.6666666666666665,0.0,3.5714285714285716,0.0,3.0,4.0,8.0,8.0,4.0,2.1666666666666665,0.0,4.333333333333333,7.0,3.0,0.0,0.0,3.0,6.0,3.0,6.0,0.0,4.75,0.0,0.0,8.0,0.0,3.0,6.0,3.0,0.0,5.0,3.5,3.6666666666666665,3.0,0.0,0.0,4.0,4.0,2.0
Warmog's Armor,0.0,6.461538461538462,4.0,0.0,0.0,5.277777777777778,2.7,0.0,4.0,2.0,3.5,0.0,4.8,2.0,0.0,3.4444444444444446,4.666666666666667,0.0,0.0,0.0,4.266666666666667,3.7,2.0,7.0,0.0,4.0,0.0,2.0,4.166666666666667,0.0,4.0,0.0,3.8,0.0,0.0,0.0,6.0,0.0,4.1,0.0,8.0,0.0,4.0,0.0,8.0,8.0,0.0,5.0,0.0,0.0,0.0,0.0,0.0,0.0,0.0,0.0,0.0,2.0,0.0
Tear of the Goddess,0.0,0.0,3.4,6.0,6.0,0.0,0.0,0.0,0.0,5.333333333333333,5.333333333333333,2.0,2.8,2.0,0.0,4.3,2.0,4.0,6.0,0.0,2.0,0.0,3.0,5.333333333333333,2.6666666666666665,3.0,0.0,0.0,0.0,0.0,0.0,4.0,0.0,0.0,0.0,0.0,1.0,0.0,7.0,0.0,0.0,0.0,0.0,0.0,0.0,0.0,0.0,6.0,0.0,0.0,2.0,0.0,2.0,5.75,0.0,0.0,0.0,0.0,0.0
2316,0.0,0.0,0.0,0.0,0.0,0.0,3.0,0.0,0.0,0.0,8.0,0.0,0.0,0.0,0.0,0.0,0.0,0.0,0.0,0.0,0.0,0.0,0.0,4.0,2.0,0.0,0.0,0.0,0.0,3.3333333333333335,0.0,0.0,0.0,0.0,0.0,0.0,0.0,0.0,0.0,0.0,0.0,0.0,0.0,0.0,0.0,0.0,0.0,0.0,0.0,0.0,0.0,3.0,0.0,0.0,0.0,0.0,0.0,0.0,0.0
2426,0.0,0.0,5.0,0.0,0.0,0.0,0.0,0.0,0.0,0.0,6.0,0.0,0.0,0.0,1.0,4.0,0.0,0.0,0.0,0.0,6.0,0.0,0.0,2.0,0.0,0.0,0.0,0.0,6.0,0.0,0.0,0.0,0.0,0.0,0.0,0.0,0.0,0.0,3.0,0.0,0.0,0.0,0.0,0.0,0.0,0.0,0.0,0.0,0.0,0.0,0.0,0.0,0.0,1.0,0.0,0.0,0.0,2.0,0.0
Giant's Belt,5.5,7.0,3.0,0.0,0.0,8.0,6.0,0.0,4.0,2.3333333333333335,5.0,1.0,6.0,0.0,0.0,5.0,0.0,0.0,4.0,0.0,4.0,5.0,5.666666666666667,0.0,0.0,0.0,0.0,0.0,5.5,0.0,0.0,7.0,0.0,0.0,0.0,0.0,8.0,0.0,4.0,8.0,0.0,0.0,5.0,0.0,0.0,0.0,0.0,0.0,0.0,0.0,0.0,0.0,0.0,5.833333333333333,0.0,0.0,0.0,2.0,0.0
B.F. Sword,5.0,0.0,5.5,8.0,0.0,0.0,3.5,0.0,0.0,0.0,0.0,3.0,0.0,6.0,0.0,3.0,0.0,3.5,3.0,0.0,6.666666666666667,4.0,5.0,6.0,0.0,0.0,0.0,0.0,0.0,0.0,0.0,0.0,8.0,0.0,0.0,0.0,0.0,0.0,0.0,0.0,0.0,0.0,0.0,0.0,0.0,0.0,5.0,0.0,0.0,0.0,0.0,0.0,0.0,0.0,3.5,0.0,0.0,0.0,0.0
2314,0.0,8.0,3.5,0.0,1.0,3.0,0.0,0.0,4.0,0.0,5.0,0.0,3.7777777777777777,3.5,1.0,1.0,0.0,0.0,0.0,0.0,0.0,0.0,8.0,3.0,3.0,0.0,0.0,4.0,0.0,0.0,4.0,0.0,4.0,6.0,0.0,0.0,0.0,0.0,1.0,0.0,0.0,0.0,0.0,0.0,0.0,0.0,1.0,0.0,0.0,0.0,0.0,0.0,0.0,0.0,3.0,0.0,0.0,0.0,0.0
3005,0.0,0.0,0.0,0.0,0.0,0.0,0.0,0.0,8.0,0.0,0.0,0.0,0.0,0.0,0.0,0.0,0.0,0.0,0.0,0.0,0.0,0.0,0.0,0.0,0.0,7.0,0.0,0.0,0.0,0.0,0.0,0.0,0.0,0.0,0.0,0.0,0.0,0.0,0.0,0.0,8.0,0.0,0.0,0.0,0.0,0.0,0.0,0.0,0.0,0.0,0.0,0.0,0.0,0.0,0.0,0.0,0.0,0.0,0.0
Recurve Bow,0.0,0.0,4.0,7.0,5.333333333333333,0.0,7.0,0.0,7.0,4.75,5.0,4.0,4.5,4.0,0.0,4.666666666666667,2.0,2.5,5.0,0.0,6.0,4.0,4.0,5.0,1.0,0.0,0.0,0.0,0.0,0.0,0.0,0.0,0.0,0.0,0.0,5.0,0.0,0.0,8.0,0.0,8.0,0.0,0.0,0.0,0.0,0.0,0.0,0.0,0.0,0.0,0.0,0.0,0.0,6.0,0.0,0.0,0.0,0.0,0.0
Chain Vest,0.0,5.5,0.0,0.0,0.0,7.0,0.0,0.0,0.0,7.0,6.0,3.0,5.5,5.5,0.0,3.5,0.0,0.0,0.0,0.0,5.0,2.0,8.0,0.0,0.0,5.5,0.0,0.0,4.5,0.0,0.0,0.0,7.0,0.0,0.0,0.0,0.0,0.0,3.0,0.0,1.0,0.0,6.0,0.0,0.0,0.0,7.0,7.0,0.0,0.0,0.0,0.0,0.0,0.0,0.0,0.0,0.0,0.0,7.0
Jeweled Gauntlet,3.0,1.0,0.0,2.0,3.4,0.0,4.6,0.0,0.0,4.0,0.0,0.0,0.0,5.6,7.0,3.0,3.0,0.0,2.3333333333333335,4.2105263157894735,0.0,3.0,2.0,0.0,1.0,0.0,0.0,8.0,5.0,4.352941176470588,0.0,5.0,2.0,0.0,4.0,0.0,5.0,0.0,0.0,4.0,0.0,4.75,0.0,0.0,0.0,0.0,5.0,4.0,0.0,0.0,3.0,2.7333333333333334,4.0,0.0,0.0,0.0,0.0,1.0,4.0
3003,7.0,0.0,3.0,5.0,5.0,7.0,0.0,0.0,0.0,0.0,0.0,8.0,0.0,7.0,8.0,0.0,3.0,0.0,0.0,6.0,0.0,0.0,3.1666666666666665,3.0,5.0,0.0,0.0,0.0,0.0,5.0,0.0,0.0,0.0,0.0,0.0,0.0,0.0,6.5,0.0,6.0,7.0,0.0,0.0,0.0,0.0,0.0,3.0,0.0,0.0,0.0,0.0,0.0,0.0,0.0,0.0,0.0,0.0,0.0,0.0
2312,2.0,0.0,0.0,0.0,7.5,0.0,5.0,0.0,0.0,3.0,0.0,0.0,0.0,3.5,0.0,2.6666666666666665,0.0,0.0,0.0,0.0,3.5,0.0,0.0,0.0,0.0,0.0,0.0,5.0,0.0,0.0,0.0,0.0,0.0,0.0,0.0,0.0,0.0,0.0,0.0,0.0,0.0,0.0,0.0,0.0,0.0,0.0,7.5,0.0,7.0,0.0,0.0,0.0,0.0,2.0,0.0,0.0,0.0,0.0,0.0
9003,0.0,0.0,0.0,0.0,0.0,4.0,0.0,0.0,0.0,0.0,0.0,0.0,1.0,0.0,0.0,4.0,0.0,0.0,0.0,0.0,2.3333333333333335,5.2,0.0,0.0,0.0,0.0,0.0,0.0,0.0,0.0,0.0,0.0,0.0,0.0,0.0,0.0,0.0,0.0,2.0,0.0,0.0,0.0,0.0,0.0,0.0,0.0,0.0,0.0,0.0,0.0,0.0,0.0,0.0,0.0,0.0,0.0,0.0,0.0,0.0
3002,7.333333333333333,0.0,6.2,0.0,5.75,5.222222222222222,5.0,0.0,0.0,0.0,5.0,3.0,0.0,0.0,0.0,2.0,0.0,0.0,8.0,0.0,2.0,0.0,7.0,0.0,0.0,0.0,0.0,0.0,0.0,0.0,0.0,0.0,0.0,0.0,0.0,0.0,0.0,8.0,0.0,0.0,7.0,0.0,0.0,0.0,0.0,7.5,3.0,0.0,0.0,0.0,0.0,0.0,0.0,0.0,0.0,0.0,0.0,0.0,0.0
2301,0.0,3.0,4.181818181818182,0.0,6.0,0.0,5.0,0.0,0.0,0.0,6.0,0.0,0.0,0.0,0.0,0.0,0.0,0.0,0.0,0.0,0.0,0.0,0.0,3.0,0.0,0.0,0.0,0.0,0.0,0.0,0.0,0.0,0.0,0.0,0.0,0.0,0.0,0.0,0.0,0.0,0.0,0.0,0.0,0.0,0.0,0.0,0.0,0.0,0.0,0.0,0.0,1.0,0.0,0.0,0.0,0.0,0.0,0.0,0.0
2317,0.0,0.0,0.0,8.0,0.0,0.0,0.0,0.0,0.0,0.0,0.0,0.0,0.0,0.0,0.0,0.0,3.0,7.0,2.0,5.0,4.0,0.0,5.0,2.0,5.0,0.0,0.0,1.0,0.0,0.0,0.0,0.0,7.0,0.0,0.0,0.0,0.0,0.0,1.0,3.0,0.0,0.0,0.0,0.0,0.0,0.0,0.0,0.0,0.0,0.0,0.0,8.0,0.0,0.0,0.0,0.0,0.0,0.0,0.0
2300,0.0,0.0,0.0,0.0,0.0,0.0,0.0,0.0,0.0,0.0,0.0,0.0,0.0,3.5,0.0,0.0,1.0,0.0,0.0,8.0,0.0,0.0,0.0,0.0,0.0,0.0,0.0,0.0,0.0,0.0,0.0,0.0,0.0,0.0,0.0,0.0,0.0,0.0,0.0,0.0,0.0,0.0,0.0,0.0,1.5,0.0,0.0,0.0,0.0,0.0,0.0,0.0,0.0,0.0,0.0,0.0,0.0,0.0,0.0
Needlessly Large Rod,4.0,0.0,5.0,5.0,7.0,2.0,4.0,0.0,4.0,5.0,4.0,4.0,4.0,7.5,5.0,4.0,0.0,4.5,3.6666666666666665,0.0,3.6666666666666665,5.666666666666667,4.5,2.5,0.0,0.0,0.0,0.0,0.0,0.0,0.0,0.0,0.0,8.0,3.0,4.0,7.5,0.0,4.0,6.5,0.0,0.0,0.0,7.0,0.0,0.0,0.0,0.0,3.0,0.0,0.0,0.0,0.0,0.0,0.0,2.0,0.0,0.0,0.0
3000,0.0,0.0,0.0,0.0,0.0,5.217391304347826,0.0,0.0,0.0,0.0,8.0,0.0,0.0,0.0,0.0,0.0,0.0,0.0,0.0,0.0,1.0,0.0,0.0,0.0,0.0,0.0,0.0,0.0,0.0,0.0,0.0,0.0,0.0,0.0,0.0,0.0,0.0,0.0,0.0,0.0,0.0,0.0,0.0,0.0,0.0,0.0,0.0,0.0,0.0,0.0,0.0,0.0,0.0,0.0,0.0,0.0,0.0,0.0,0.0
3006,0.0,0.0,0.0,8.0,0.0,2.2857142857142856,4.0,0.0,0.0,0.0,0.0,0.0,0.0,0.0,0.0,0.0,0.0,0.0,0.0,0.0,7.0,0.0,0.0,0.0,0.0,0.0,0.0,0.0,0.0,0.0,0.0,0.0,0.0,0.0,0.0,0.0,0.0,0.0,0.0,0.0,0.0,0.0,0.0,0.0,3.0,0.0,0.0,0.0,0.0,0.0,0.0,0.0,0.0,0.0,0.0,0.0,0.0,0.0,0.0
9001,0.0,6.0,0.0,0.0,0.0,7.0,0.0,0.0,0.0,0.0,0.0,0.0,0.0,0.0,0.0,4.0,0.0,0.0,0.0,0.0,5.666666666666667,0.0,0.0,0.0,0.0,0.0,0.0,0.0,0.0,0.0,0.0,0.0,6.0,0.0,0.0,0.0,0.0,0.0,5.0,0.0,0.0,0.0,0.0,0.0,0.0,0.0,0.0,0.0,0.0,0.0,0.0,0.0,0.0,0.0,0.0,0.0,2.0,0.0,0.0
3004,6.5,0.0,0.0,5.0,6.0,0.0,5.0,0.0,0.0,0.0,0.0,6.666666666666667,0.0,0.0,6.0,0.0,0.0,0.0,0.0,1.0,3.0,0.0,0.0,0.0,0.0,0.0,0.0,0.0,0.0,0.0,0.0,0.0,0.0,0.0,0.0,0.0,0.0,7.0,0.0,5.0,5.333333333333333,0.0,0.0,0.0,3.0,0.0,0.0,0.0,0.0,0.0,0.0,0.0,0.0,0.0,4.0,0.0,0.0,0.0,0.0
9004,0.0,0.0,0.0,6.0,0.0,0.0,0.0,0.0,0.0,0.0,0.0,0.0,0.0,0.0,3.3333333333333335,0.0,0.0,0.0,0.0,0.0,0.0,0.0,0.0,0.0,0.0,0.0,0.0,0.0,0.0,0.0,4.0,0.0,3.6666666666666665,0.0,0.0,0.0,0.0,0.0,0.0,0.0,6.0,0.0,0.0,0.0,0.0,0.0,0.0,0.0,0.0,5.0,0.0,0.0,0.0,0.0,0.0,0.0,0.0,0.0,0.0
Spatula,0.0,0.0,0.0,0.0,0.0,0.0,0.0,0.0,0.0,0.0,6.0,0.0,8.0,0.0,0.0,3.0,0.0,0.0,0.0,0.0,0.0,0.0,0.0,3.0,0.0,0.0,0.0,0.0,0.0,0.0,0.0,0.0,0.0,0.0,0.0,0.0,0.0,0.0,0.0,0.0,0.0,0.0,0.0,0.0,0.0,0.0,0.0,0.0,0.0,0.0,0.0,0.0,0.0,0.0,0.0,0.0,0.0,0.0,0.0
2303,0.0,0.0,8.0,2.5,0.0,0.0,7.0,0.0,0.0,0.0,0.0,0.0,0.0,2.0,2.0,5.5,0.0,0.0,0.0,0.0,0.0,0.0,5.0,0.0,0.0,0.0,0.0,0.0,0.0,7.0,0.0,0.0,0.0,0.0,0.0,0.0,0.0,0.0,4.0,0.0,0.0,0.0,0.0,0.0,0.0,0.0,0.0,0.0,0.0,0.0,0.0,0.0,4.0,0.0,0.0,0.0,0.0,6.0,0.0
Warmog's Pride,0.0,0.0,0.0,0.0,0.0,0.0,0.0,0.0,0.0,0.0,0.0,0.0,0.0,0.0,0.0,0.0,0.0,0.0,0.0,0.0,2.0,0.0,0.0,0.0,0.0,0.0,0.0,0.0,0.0,0.0,0.0,0.0,0.0,0.0,0.0,0.0,0.0,0.0,0.0,0.0,0.0,0.0,0.0,0.0,0.0,0.0,0.0,0.0,0.0,0.0,0.0,0.0,0.0,0.0,0.0,0.0,0.0,0.0,0.0
2324,0.0,0.0,2.0,0.0,0.0,0.0,0.0,0.0,0.0,0.0,0.0,0.0,0.0,0.0,0.0,1.0,0.0,0.0,0.0,0.0,0.0,0.0,0.0,0.0,0.0,0.0,0.0,0.0,0.0,0.0,0.0,0.0,0.0,0.0,0.0,0.0,0.0,0.0,0.0,0.0,0.0,0.0,0.0,0.0,0.0,0.0,0.0,0.0,0.0,0.0,0.0,0.0,0.0,0.0,0.0,0.0,0.0,0.0,0.0
2323,0.0,0.0,5.8,2.0,6.0,0.0,0.0,0.0,0.0,0.0,0.0,0.0,6.0,5.0,0.0,2.0,5.0,0.0,0.0,0.0,0.0,0.0,0.0,0.0,1.0,0.0,0.0,0.0,0.0,0.0,0.0,0.0,4.0,0.0,0.0,0.0,0.0,0.0,4.0,0.0,4.0,0.0,0.0,0.0,0.0,0.0,0.0,5.0,0.0,0.0,0.0,0.0,0.0,0.0,0.0,0.0,0.0,0.0,0.0
2305,0.0,6.0,0.0,0.0,2.0,0.0,2.0,0.0,0.0,5.5,0.0,1.5,3.0,3.0,0.0,0.0,0.0,0.0,2.0,0.0,0.0,0.0,0.0,7.0,0.0,0.0,0.0,0.0,0.0,0.0,0.0,0.0,0.0,0.0,0.0,0.0,4.0,0.0,3.0,0.0,8.0,0.0,0.0,0.0,0.0,0.0,5.0,7.0,0.0,0.0,0.0,3.0,0.0,0.0,0.0,0.0,0.0,0.0,0.0
Tactician's Crown,0.0,0.0,0.0,0.0,0.0,0.0,3.0,0.0,3.0,0.0,4.0,1.5,2.0,0.0,0.0,1.0,4.0,1.0,0.0,0.0,3.0,0.0,0.0,5.0,7.0,0.0,0.0,0.0,0.0,0.0,0.0,0.0,0.0,0.0,6.0,0.0,0.0,0.0,0.0,0.0,0.0,0.0,0.0,0.0,0.0,0.0,0.0,0.0,0.0,0.0,0.0,0.0,0.0,0.0,0.0,0.0,4.0,0.0,0.0
9009,0.0,0.0,0.0,3.0,0.0,0.0,2.0,0.0,0.0,0.0,0.0,0.0,0.0,0.0,0.0,0.0,0.0,0.0,0.0,0.0,0.0,0.0,0.0,0.0,0.0,0.0,0.0,0.0,0.0,0.0,0.0,0.0,6.0,0.0,0.0,0.0,0.0,0.0,0.0,0.0,0.0,0.0,0.0,1.0,0.0,0.0,0.0,0.0,0.0,0.0,0.0,0.0,0.0,0.0,0.0,0.0,0.0,0.0,8.0
9006,0.0,0.0,0.0,5.5,0.0,0.0,0.0,0.0,0.0,0.0,0.0,0.0,0.0,7.0,5.0,0.0,0.0,0.0,0.0,0.0,0.0,0.0,0.0,0.0,0.0,0.0,0.0,0.0,0.0,3.0,0.0,8.0,0.0,0.0,0.0,0.0,0.0,0.0,0.0,0.0,0.0,0.0,0.0,0.0,0.0,0.0,0.0,0.0,0.0,0.0,0.0,0.0,0.0,0.0,7.0,0.0,0.0,0.0,0.0
9010,0.0,8.0,0.0,0.0,0.0,0.0,0.0,0.0,0.0,0.0,0.0,0.0,0.0,0.0,0.0,0.0,0.0,0.0,0.0,2.0,0.0,0.0,0.0,0.0,0.0,0.0,0.0,8.0,0.0,1.0,0.0,0.0,0.0,0.0,0.0,0.0,2.0,0.0,0.0,0.0,0.0,0.0,0.0,0.0,0.0,0.0,0.0,0.0,0.0,0.0,0.0,3.5,0.0,0.0,0.0,0.0,0.0,0.0,0.0
Mistral,0.0,0.0,0.0,0.0,0.0,0.0,0.0,0.0,8.0,0.0,0.0,0.0,0.0,0.0,0.0,0.0,0.0,0.0,0.0,0.0,0.0,0.0,0.0,0.0,0.0,0.0,0.0,0.0,0.0,0.0,0.0,0.0,0.0,0.0,0.0,0.0,0.0,0.0,0.0,0.0,0.0,0.0,0.0,0.0,0.0,0.0,0.0,0.0,0.0,0.0,0.0,0.0,0.0,0.0,0.0,0.0,0.0,0.0,0.0
2302,0.0,0.0,0.0,0.0,2.0,0.0,5.0,0.0,0.0,6.0,7.0,8.0,3.0,3.0,0.0,7.5,3.0,0.0,8.0,0.0,3.0,0.0,0.0,1.0,0.0,7.0,0.0,0.0,0.0,0.0,0.0,0.0,0.0,0.0,0.0,8.0,0.0,8.0,0.0,0.0,0.0,0.0,0.0,0.0,0.0,0.0,1.0,0.0,0.0,0.0,0.0,0.0,0.0,0.0,0.0,0.0,0.0,0.0,0.0
Demonslayer,0.0,0.0,0.0,0.0,0.0,0.0,0.0,0.0,0.0,0.0,0.0,0.0,0.0,0.0,0.0,0.0,0.0,0.0,0.0,0.0,0.0,0.0,0.0,0.0,0.0,0.0,0.0,0.0,0.0,0.0,0.0,0.0,8.0,0.0,0.0,0.0,0.0,0.0,0.0,0.0,0.0,0.0,0.0,0.0,0.0,0.0,0.0,0.0,0.0,0.0,0.0,0.0,0.0,0.0,0.0,0.0,0.0,0.0,0.0
9007,0.0,0.0,0.0,0.0,0.0,0.0,0.0,0.0,0.0,0.0,0.0,0.0,0.0,0.0,0.0,0.0,0.0,0.0,7.0,0.0,0.0,0.0,0.0,0.0,0.0,0.0,0.0,0.0,0.0,0.0,0.0,0.0,0.0,6.0,0.0,0.0,0.0,0.0,0.0,0.0,0.0,0.0,0.0,0.0,0.0,8.0,0.0,0.0,0.0,0.0,0.0,0.0,0.0,0.0,0.0,0.0,0.0,0.0,0.0
2315,0.0,0.0,0.0,0.0,0.0,0.0,7.0,0.0,0.0,0.0,0.0,3.6666666666666665,0.0,2.5,0.0,0.0,0.0,0.0,0.0,0.0,0.0,0.0,0.0,3.0,0.0,0.0,0.0,0.0,0.0,0.0,0.0,8.0,0.0,0.0,0.0,3.6666666666666665,0.0,0.0,0.0,0.0,7.0,0.0,0.0,0.0,0.0,0.0,0.0,0.0,5.0,0.0,0.0,0.0,0.0,1.0,0.0,0.0,0.0,0.0,5.0
9002,0.0,0.0,0.0,7.0,0.0,0.0,0.0,0.0,0.0,0.0,0.0,0.0,0.0,0.0,0.0,0.0,0.0,0.0,0.0,0.0,0.0,0.0,0.0,0.0,0.0,0.0,5.0,0.0,7.0,0.0,0.0,0.0,5.333333333333333,0.0,0.0,0.0,0.0,0.0,0.0,0.0,0.0,0.0,0.0,0.0,0.0,0.0,0.0,0.0,0.0,0.0,0.0,0.0,0.0,0.0,3.0,0.0,0.0,0.0,0.0
2310,0.0,0.0,0.0,0.0,0.0,0.0,1.0,0.0,0.0,0.0,0.0,0.0,0.0,6.0,0.0,0.0,0.0,0.0,0.0,0.0,0.0,2.0,1.0,4.0,0.0,0.0,0.0,0.0,0.0,0.0,0.0,0.0,0.0,0.0,0.0,0.0,0.0,0.0,0.0,0.0,0.0,0.0,0.0,0.0,0.0,0.0,2.0,0.0,0.0,0.0,0.0,0.0,0.0,0.0,0.0,0.0,0.0,0.0,0.0
2313,0.0,0.0,7.0,0.0,0.0,0.0,0.0,0.0,0.0,0.0,0.0,0.0,0.0,0.0,0.0,0.0,0.0,0.0,4.0,0.0,0.0,0.0,1.0,0.0,0.0,0.0,0.0,0.0,0.0,0.0,0.0,0.0,7.0,0.0,0.0,0.0,0.0,0.0,0.0,0.0,8.0,0.0,0.0,0.0,0.0,0.0,5.0,0.0,0.0,0.0,0.0,0.0,0.0,0.0,0.0,0.0,0.0,0.0,0.0
3008,0.0,0.0,0.0,0.0,0.0,0.0,0.0,0.0,0.0,0.0,0.0,8.0,0.0,0.0,3.0,0.0,0.0,0.0,0.0,0.0,0.0,0.0,0.0,0.0,0.0,0.0,0.0,0.0,0.0,0.0,0.0,0.0,0.0,0.0,0.0,0.0,0.0,0.0,0.0,0.0,0.0,0.0,0.0,0.0,3.0,0.0,1.0,0.0,0.0,0.0,0.0,0.0,0.0,0.0,0.0,0.0,0.0,0.0,0.0
Sunlight Cape,0.0,0.0,0.0,0.0,0.0,0.0,0.0,0.0,0.0,0.0,0.0,0.0,0.0,0.0,0.0,0.0,0.0,0.0,0.0,0.0,0.0,0.0,0.0,0.0,0.0,0.0,0.0,0.0,0.0,0.0,0.0,0.0,0.0,0.0,0.0,0.0,0.0,0.0,0.0,0.0,0.0,0.0,0.0,0.0,0.0,0.0,0.0,0.0,0.0,0.0,0.0,0.0,0.0,0.0,0.0,0.0,0.0,0.0,0.0
2308,0.0,0.0,0.0,0.0,0.0,0.0,0.0,0.0,0.0,2.5,0.0,0.0,0.0,4.0,0.0,0.0,0.0,0.0,0.0,0.0,0.0,0.0,0.0,0.0,0.0,0.0,0.0,0.0,0.0,0.0,0.0,4.0,8.0,2.0,0.0,0.0,0.0,0.0,0.0,0.0,0.0,0.0,0.0,0.0,0.0,0.0,0.0,0.0,0.0,0.0,0.0,0.0,0.0,0.0,0.0,0.0,0.0,0.0,0.0
2425,0.0,0.0,0.0,0.0,0.0,0.0,0.0,0.0,0.0,0.0,0.0,0.0,0.0,0.0,0.0,0.0,0.0,0.0,0.0,0.0,0.0,0.0,0.0,0.0,0.0,0.0,0.0,0.0,0.0,0.0,0.0,0.0,0.0,0.0,0.0,0.0,0.0,0.0,0.0,0.0,0.0,0.0,0.0,0.0,0.0,0.0,0.0,0.0,0.0,0.0,0.0,0.0,0.0,0.0,0.0,0.0,0.0,0.0,0.0
Spear of Hirana,0.0,0.0,0.0,0.0,0.0,0.0,0.0,0.0,0.0,0.0,0.0,0.0,0.0,0.0,0.0,0.0,0.0,0.0,0.0,0.0,0.0,0.0,0.0,0.0,0.0,0.0,0.0,0.0,0.0,0.0,0.0,0.0,0.0,0.0,0.0,0.0,0.0,0.0,0.0,0.0,0.0,0.0,0.0,0.0,0.0,0.0,0.0,0.0,0.0,0.0,0.0,0.0,0.0,0.0,0.0,0.0,0.0,0.0,0.0
Blessed Bloodthirster,0.0,0.0,0.0,0.0,0.0,0.0,0.0,0.0,0.0,0.0,0.0,0.0,0.0,0.0,0.0,0.0,0.0,0.0,0.0,0.0,0.0,0.0,0.0,0.0,0.0,0.0,0.0,0.0,0.0,0.0,0.0,0.0,3.0,0.0,0.0,0.0,0.0,0.0,0.0,0.0,0.0,0.0,0.0,0.0,0.0,0.0,0.0,0.0,0.0,0.0,0.0,0.0,0.0,0.0,0.0,0.0,0.0,0.0,0.0
Statikk Favor,0.0,0.0,0.0,0.0,5.0,0.0,0.0,0.0,0.0,0.0,0.0,0.0,0.0,0.0,0.0,0.0,0.0,0.0,0.0,0.0,0.0,0.0,0.0,0.0,0.0,0.0,0.0,0.0,0.0,0.0,0.0,0.0,0.0,0.0,0.0,0.0,0.0,0.0,0.0,0.0,0.0,0.0,0.0,0.0,0.0,0.0,0.0,0.0,0.0,0.0,0.0,0.0,0.0,0.0,0.0,0.0,0.0,0.0,0.0
Urf-Angel's Staff,0.0,0.0,0.0,0.0,0.0,0.0,0.0,0.0,0.0,0.0,0.0,0.0,0.0,0.0,0.0,0.0,0.0,0.0,0.0,0.0,0.0,0.0,0.0,0.0,0.0,0.0,0.0,0.0,0.0,0.0,0.0,0.0,0.0,0.0,0.0,0.0,0.0,0.0,0.0,0.0,0.0,0.0,0.0,0.0,0.0,0.0,0.0,0.0,0.0,0.0,0.0,0.0,0.0,0.0,0.0,0.0,0.0,0.0,0.0
Fist of Fairness,0.0,0.0,0.0,3.0,0.0,0.0,0.0,0.0,0.0,0.0,0.0,0.0,0.0,0.0,0.0,0.0,0.0,0.0,0.0,0.0,0.0,0.0,0.0,0.0,0.0,0.0,0.0,0.0,0.0,3.0,0.0,0.0,0.0,0.0,0.0,0.0,0.0,0.0,0.0,0.0,0.0,0.0,0.0,5.0,0.0,0.0,0.0,0.0,0.0,0.0,0.0,0.0,0.0,0.0,1.0,0.0,0.0,0.0,0.0
3012,0.0,0.0,0.0,0.0,0.0,0.0,0.0,0.0,0.0,0.0,0.0,0.0,0.0,0.0,0.0,0.0,0.0,0.0,0.0,0.0,0.0,0.0,0.0,0.0,0.0,0.0,0.0,0.0,0.0,0.0,0.0,0.0,0.0,0.0,0.0,0.0,0.0,0.0,0.0,0.0,0.0,0.0,0.0,0.0,0.0,0.0,0.0,0.0,0.0,0.0,0.0,0.0,0.0,0.0,0.0,0.0,0.0,0.0,0.0
3013,0.0,0.0,0.0,0.0,0.0,0.0,0.0,0.0,0.0,0.0,0.0,0.0,0.0,0.0,0.0,0.0,0.0,0.0,0.0,0.0,0.0,0.0,0.0,0.0,0.0,0.0,0.0,0.0,0.0,0.0,0.0,0.0,0.0,0.0,0.0,0.0,0.0,0.0,0.0,0.0,0.0,0.0,0.0,0.0,0.0,0.0,0.0,0.0,0.0,0.0,0.0,0.0,0.0,0.0,0.0,0.0,0.0,0.0,0.0
3014,0.0,0.0,0.0,0.0,0.0,0.0,0.0,0.0,0.0,0.0,0.0,0.0,0.0,0.0,0.0,0.0,0.0,0.0,0.0,0.0,0.0,0.0,0.0,0.0,0.0,0.0,0.0,0.0,0.0,0.0,0.0,0.0,0.0,0.0,0.0,0.0,0.0,0.0,0.0,0.0,0.0,0.0,0.0,0.0,0.0,0.0,0.0,0.0,0.0,0.0,0.0,0.0,0.0,0.0,0.0,0.0,0.0,0.0,0.0
3010,0.0,0.0,0.0,0.0,0.0,0.0,0.0,0.0,0.0,0.0,0.0,0.0,0.0,0.0,0.0,0.0,0.0,0.0,0.0,0.0,0.0,0.0,0.0,0.0,0.0,0.0,0.0,0.0,0.0,0.0,0.0,0.0,0.0,0.0,0.0,0.0,0.0,0.0,0.0,0.0,0.0,0.0,0.0,0.0,0.0,0.0,0.0,0.0,0.0,0.0,0.0,0.0,0.0,0.0,0.0,0.0,0.0,0.0,0.0
