,TFT7_Tristana,TFT7_Braum,TFT7_Lulu,TFT7_Corki,TFT7_Sona,TFT7_DragonGold,TFT7_Yasuo,TFT7_TrainerDragon,TFT7_Sejuani,TFT7_Qiyana,TFT7_Shen,TFT7_Twitch,TFT7_Hecarim,TFT7_Talon,TFT7_Xayah,TFT7_Ornn,TFT7_Pyke,TFT7_Heimerdinger,TFT7_Nami,TFT7_Ryze,TFT7_Sylas,TFT7_Illaoi,TFT7_Zoe,TFT7_Bard,TFT7_Soraka,TFT7_Leona,TFT7_Yone,TFT7_Lillia,TFT7_Nunu,TFT7_DragonBlue,TFT7_Olaf,TFT7_Diana,TFT7_DragonPurple,TFT7_Sett,TFT7_Karma,TFT7_Ashe,TFT7_LeeSin,TFT7_Swain,TFT7_Neeko,TFT7_Jinx,TFT7_Volibear,TFT7_Anivia,TFT7_TahmKench,TFT7_Varus,TFT7_Kayn,TFT7_Aatrox,TFT7_Thresh,TFT7_Vladimir,TFT7_Skarner,TFT7_Nidalee,TFT7_Elise,TFT7_AoShin,TFT7_AurelionSol,TFT7_Gnar,TFT7_DragonGreen,TFT7_Senna,TFT7_Taric,TFT7_Shyvana,TFT7_Ezreal
Set7_Cannoneer,62,21,59,57,46,30,6,60,0,2,9,0,1,8,0,11,0,8,0,0,7,1,4,19,2,0,0,0,0,1,0,0,8,0,0,0,0,0,3,48,0,1,8,0,0,0,20,0,0,0,0,1,0,0,0,18,0,0,0
Set7_Dragon,89,38,185,98,115,109,118,135,44,66,99,42,68,91,47,167,64,67,43,26,173,38,79,151,61,31,31,19,54,65,13,11,150,11,14,31,18,34,105,36,17,35,8,22,28,14,62,9,8,25,42,51,15,75,64,10,12,25,10
Set7_Dragonmancer,0,0,1,0,0,1,12,0,0,1,4,0,5,0,2,4,0,0,0,0,0,0,0,1,3,0,0,0,1,0,0,0,0,17,18,19,17,20,17,0,12,0,0,0,1,0,0,0,0,0,0,0,0,5,0,0,0,3,1
Set7_Evoker,1,0,5,1,4,0,1,4,0,0,0,0,0,1,0,1,0,3,1,1,3,1,1,3,0,0,0,1,0,0,0,0,1,0,0,0,0,0,2,1,0,3,0,0,0,0,0,0,0,0,0,0,2,1,1,0,0,0,0
Set7_Guardian,0,1,0,0,0,0,0,0,0,0,1,0,0,0,0,0,0,0,0,0,0,0,0,0,0,1,1,0,0,0,0,0,0,0,0,0,0,0,0,0,0,0,0,0,0,0,1,0,0,0,0,0,0,0,0,0,1,0,0
Set7_Mirage,2,6,13,4,8,3,42,2,30,2,13,0,37,4,0,14,4,0,1,1,5,0,1,21,7,22,31,8,51,60,5,0,4,0,0,0,3,1,5,2,0,1,4,0,0,0,4,0,0,0,0,0,0,2,3,0,0,0,0
Set7_Mystic,4,1,63,4,19,3,9,34,0,0,0,5,1,5,1,12,3,30,39,26,41,25,30,58,8,0,0,4,1,1,0,0,5,0,2,2,0,1,18,0,0,11,0,6,0,0,1,11,1,4,1,8,5,15,18,0,0,0,1
Set7_Revel,37,9,40,46,46,19,7,36,0,1,8,0,2,4,0,11,1,3,0,1,5,2,2,11,3,0,0,0,0,7,0,0,4,0,0,0,0,0,3,40,0,1,14,0,0,0,9,0,0,0,0,0,0,0,0,7,0,0,0
Set7_Scalescorn,0,12,0,0,0,0,2,0,4,8,10,3,1,12,0,7,5,1,0,1,3,0,0,2,0,0,1,8,0,0,13,14,0,0,0,0,0,0,0,0,0,0,0,0,4,0,2,0,0,0,0,0,0,0,0,0,0,0,0
Set7_Shimmerscale,2,2,2,3,2,25,11,2,0,1,8,8,5,4,16,5,4,0,1,1,3,0,13,4,4,2,0,1,0,0,0,0,0,1,0,1,1,5,2,0,16,0,0,0,21,14,4,0,0,0,0,0,0,0,0,0,1,0,0
Set7_Trainer,18,3,18,9,10,1,1,18,0,0,1,0,0,0,0,1,0,18,3,2,13,0,6,3,2,0,0,0,0,0,0,0,9,0,0,0,0,0,1,6,0,0,1,0,0,0,3,1,0,0,0,1,1,1,1,2,0,0,0
Set7_Warrior,0,3,0,0,0,0,4,0,0,1,6,0,0,2,0,1,1,0,0,0,0,0,0,0,0,3,6,1,3,2,6,2,1,0,0,0,0,0,0,0,0,0,0,0,1,0,0,0,0,0,0,0,0,0,0,0,0,0,0
Set7_Assassin,0,9,0,0,1,1,8,0,0,38,24,1,1,38,1,29,28,0,0,0,20,4,2,8,0,2,1,3,0,0,20,30,19,0,0,0,1,0,2,0,0,1,1,0,10,0,3,0,0,0,1,0,0,1,1,0,0,0,0
Set7_Bruiser,1,3,2,1,2,0,20,2,1,44,66,28,4,42,13,83,28,1,2,1,75,43,6,16,1,1,0,1,1,0,17,15,64,0,0,0,4,1,2,1,0,0,3,33,2,0,15,0,12,0,7,1,1,0,0,1,0,0,14
Set7_Cavalier,2,5,7,2,2,1,30,4,54,20,26,21,60,20,19,27,0,4,2,6,6,0,5,20,4,14,20,17,45,33,5,2,1,0,2,2,3,2,2,0,2,2,1,1,1,0,2,1,0,0,0,3,0,1,0,0,0,0,0
Set7_Guild,2,2,6,2,1,4,24,2,91,85,93,111,98,108,97,101,5,2,9,11,10,13,6,44,4,2,1,3,7,2,0,1,4,0,0,0,0,0,3,0,0,0,2,15,1,0,2,0,1,0,0,4,0,0,0,1,0,5,1
Set7_Legend,0,0,0,0,0,0,1,0,2,0,0,0,2,0,0,5,0,0,0,0,0,1,1,1,1,0,0,0,3,0,0,0,0,0,3,4,2,0,1,0,5,5,0,0,0,0,0,0,0,0,0,0,0,1,0,0,0,0,0
Set7_Ragewing,0,0,0,0,0,0,5,0,5,5,13,7,12,4,13,7,0,0,0,0,0,1,0,2,2,0,0,0,0,0,0,0,0,9,2,5,3,11,7,0,1,0,0,0,4,0,0,0,2,0,0,0,0,5,0,5,0,15,0
Set7_Swiftshot,0,0,2,0,0,0,3,1,0,1,6,13,0,0,13,9,0,1,2,0,7,10,1,3,0,0,0,0,0,0,0,0,4,0,0,0,0,1,0,0,1,0,0,12,1,1,0,0,2,0,0,0,0,0,0,0,0,0,11
Set7_Tempest,2,2,30,1,9,1,8,20,2,1,3,0,3,1,1,39,0,20,13,4,32,3,26,28,9,0,0,3,0,0,0,0,2,0,0,1,2,0,3,0,0,0,0,0,1,1,1,0,1,0,0,40,0,1,1,0,1,0,2
Set7_Whispers,15,1,28,15,22,3,27,28,3,49,48,14,4,53,7,77,49,23,9,11,110,18,19,28,9,5,1,1,1,4,5,10,130,0,0,2,5,2,22,4,0,2,1,14,5,0,31,2,1,2,25,0,1,11,4,0,2,0,5
Set7_Astral,0,0,1,0,0,0,0,0,0,0,0,0,0,0,0,0,0,0,5,1,1,5,1,1,0,0,0,0,0,0,0,0,0,0,0,0,0,0,0,0,0,0,0,4,0,0,0,5,4,3,0,0,4,0,0,0,0,0,1
Set7_Bard,42,18,123,47,60,36,73,83,28,41,47,47,45,61,36,105,22,49,43,33,90,45,63,226,33,7,9,7,22,22,3,4,31,1,6,5,5,2,39,12,2,18,1,23,5,3,14,8,4,6,5,32,8,24,28,2,3,2,6
Set7_Jade,2,2,25,3,7,1,9,2,0,2,0,1,1,8,2,2,4,1,3,0,2,0,1,22,19,1,0,0,1,0,0,0,2,3,11,20,1,7,52,0,0,32,0,0,0,0,3,0,1,11,8,1,0,49,52,0,7,0,1
Set7_Mage,4,1,82,0,30,1,5,75,3,2,2,3,1,2,0,14,3,81,86,75,91,52,60,32,2,0,0,21,0,1,0,0,9,0,0,0,0,0,4,0,0,1,1,3,0,0,2,43,1,0,0,14,5,0,0,0,0,0,1
Set7_SpellThief,15,2,93,15,39,18,27,79,5,5,8,12,6,10,8,46,15,76,65,48,109,45,133,62,14,2,0,15,4,2,0,1,21,0,1,0,2,1,5,3,10,3,0,14,11,7,3,22,3,0,0,28,7,1,1,1,0,0,1
Set7_Starcaller,5,1,27,6,8,9,27,12,5,10,9,11,12,12,10,27,9,9,8,0,17,10,15,33,77,1,1,2,4,7,0,0,10,5,6,11,5,12,40,4,5,11,1,8,4,3,4,1,1,10,12,10,1,32,19,0,4,8,3
Set7_Shapeshifter,0,0,2,0,0,0,4,0,0,0,1,1,0,0,2,2,2,0,1,0,3,0,0,4,12,1,0,0,0,0,0,0,4,5,3,13,5,22,30,0,2,1,0,0,0,0,3,0,1,22,21,0,0,30,11,0,2,15,0
