,TFT7_Tristana,TFT7_Braum,TFT7_Lulu,TFT7_Corki,TFT7_Sona,TFT7_DragonGold,TFT7_Yasuo,TFT7_TrainerDragon,TFT7_Sejuani,TFT7_Qiyana,TFT7_Shen,TFT7_Twitch,TFT7_Hecarim,TFT7_Talon,TFT7_Xayah,TFT7_Ornn,TFT7_Pyke,TFT7_Heimerdinger,TFT7_Nami,TFT7_Ryze,TFT7_Sylas,TFT7_Illaoi,TFT7_Zoe,TFT7_Bard,TFT7_Soraka,TFT7_Leona,TFT7_Yone,TFT7_Lillia,TFT7_Nunu,TFT7_DragonBlue,TFT7_Olaf,TFT7_Diana,TFT7_DragonPurple,TFT7_Sett,TFT7_Karma,TFT7_Ashe,TFT7_LeeSin,TFT7_Swain,TFT7_Neeko,TFT7_Jinx,TFT7_Volibear,TFT7_Anivia,TFT7_TahmKench,TFT7_Varus,TFT7_Kayn,TFT7_Aatrox,TFT7_Thresh,TFT7_Vladimir,TFT7_Skarner,TFT7_Nidalee,TFT7_Elise,TFT7_AoShin,TFT7_AurelionSol,TFT7_Gnar,TFT7_DragonGreen,TFT7_Senna,TFT7_Taric,TFT7_Shyvana,TFT7_Ezreal
Set7_Cannoneer,5.080645161290323,5.619047619047619,4.983050847457627,4.894736842105263,4.934782608695652,5.5,4.0,4.983333333333333,0.0,3.0,4.444444444444445,0.0,4.0,4.375,0.0,3.8181818181818183,0.0,5.0,0.0,0.0,4.714285714285714,7.0,3.25,3.6842105263157894,3.5,0.0,0.0,0.0,0.0,5.0,0.0,0.0,4.0,0.0,0.0,0.0,0.0,0.0,4.666666666666667,5.291666666666667,0.0,3.0,4.0,0.0,0.0,0.0,6.0,0.0,0.0,0.0,0.0,1.0,0.0,0.0,0.0,4.833333333333333,0.0,0.0,0.0
Set7_Dragon,5.168539325842697,5.657894736842105,4.416216216216216,4.959183673469388,4.834782608695652,5.394495412844036,3.6779661016949152,4.733333333333333,4.295454545454546,4.151515151515151,4.343434343434343,4.309523809523809,4.3088235294117645,4.131868131868132,4.574468085106383,4.0359281437125745,3.40625,4.1940298507462686,4.3023255813953485,4.5,4.208092485549133,4.2894736842105265,3.5316455696202533,3.76158940397351,3.262295081967213,4.451612903225806,4.67741935483871,3.9473684210526314,4.5,4.461538461538462,4.923076923076923,4.454545454545454,4.28,4.181818181818182,4.714285714285714,4.419354838709677,4.277777777777778,4.088235294117647,4.0476190476190474,5.027777777777778,5.117647058823529,4.3428571428571425,3.875,3.772727272727273,4.535714285714286,5.428571428571429,4.451612903225806,4.888888888888889,4.625,4.04,4.214285714285714,3.607843137254902,4.6,3.8666666666666667,4.1875,3.7,4.75,3.0,3.6
Set7_Dragonmancer,0.0,0.0,2.0,0.0,0.0,8.0,4.333333333333333,0.0,0.0,6.0,4.5,0.0,4.6,0.0,1.0,2.75,0.0,0.0,0.0,0.0,0.0,0.0,0.0,2.0,3.6666666666666665,0.0,0.0,0.0,6.0,0.0,0.0,0.0,0.0,4.176470588235294,4.666666666666667,4.421052631578948,4.0588235294117645,4.3,3.8823529411764706,0.0,5.25,0.0,0.0,0.0,7.0,0.0,0.0,0.0,0.0,0.0,0.0,0.0,0.0,4.2,0.0,0.0,0.0,2.6666666666666665,5.0
Set7_Evoker,3.0,0.0,3.8,3.0,3.0,0.0,3.0,4.5,0.0,0.0,0.0,0.0,0.0,1.0,0.0,7.0,0.0,5.0,1.0,7.0,5.0,7.0,1.0,3.6666666666666665,0.0,0.0,0.0,1.0,0.0,0.0,0.0,0.0,7.0,0.0,0.0,0.0,0.0,0.0,2.0,3.0,0.0,3.6666666666666665,0.0,0.0,0.0,0.0,0.0,0.0,0.0,0.0,0.0,0.0,4.0,1.0,1.0,0.0,0.0,0.0,0.0
Set7_Guardian,0.0,8.0,0.0,0.0,0.0,0.0,0.0,0.0,0.0,0.0,8.0,0.0,0.0,0.0,0.0,0.0,0.0,0.0,0.0,0.0,0.0,0.0,0.0,0.0,0.0,8.0,8.0,0.0,0.0,0.0,0.0,0.0,0.0,0.0,0.0,0.0,0.0,0.0,0.0,0.0,0.0,0.0,0.0,0.0,0.0,0.0,8.0,0.0,0.0,0.0,0.0,0.0,0.0,0.0,0.0,0.0,8.0,0.0,0.0
Set7_Mirage,4.0,6.833333333333333,3.5384615384615383,4.0,4.125,3.6666666666666665,3.9047619047619047,4.0,4.5,7.5,4.846153846153846,0.0,4.351351351351352,4.75,0.0,4.928571428571429,2.5,0.0,5.0,1.0,7.6,0.0,8.0,3.5238095238095237,3.5714285714285716,4.318181818181818,4.67741935483871,4.75,4.607843137254902,4.5,3.6,0.0,4.75,0.0,0.0,0.0,4.0,1.0,3.8,4.0,0.0,4.0,5.25,0.0,0.0,0.0,4.25,0.0,0.0,0.0,0.0,0.0,0.0,4.0,4.333333333333333,0.0,0.0,0.0,0.0
Set7_Mystic,3.0,8.0,3.3333333333333335,3.0,2.9473684210526314,5.0,2.6666666666666665,3.411764705882353,0.0,0.0,0.0,2.8,5.0,2.8,1.0,2.5833333333333335,1.3333333333333333,3.466666666666667,3.5128205128205128,3.4615384615384617,3.268292682926829,3.24,2.9,3.1724137931034484,2.125,0.0,0.0,3.5,5.0,5.0,0.0,0.0,2.6,0.0,2.0,2.0,0.0,2.0,3.388888888888889,0.0,0.0,3.727272727272727,0.0,4.0,0.0,0.0,7.0,4.636363636363637,7.0,3.5,1.0,2.625,5.4,3.1333333333333333,3.0555555555555554,0.0,0.0,0.0,4.0
Set7_Revel,4.837837837837838,4.666666666666667,4.55,4.695652173913044,4.8478260869565215,5.526315789473684,4.285714285714286,4.722222222222222,0.0,2.0,5.25,0.0,3.5,4.75,0.0,4.090909090909091,4.0,5.333333333333333,0.0,7.0,5.6,5.0,3.5,3.3636363636363638,3.0,0.0,0.0,0.0,0.0,3.5714285714285716,0.0,0.0,5.5,0.0,0.0,0.0,0.0,0.0,5.333333333333333,4.875,0.0,3.0,3.7857142857142856,0.0,0.0,0.0,5.444444444444445,0.0,0.0,0.0,0.0,0.0,0.0,0.0,0.0,3.4285714285714284,0.0,0.0,0.0
Set7_Scalescorn,0.0,3.0833333333333335,0.0,0.0,0.0,0.0,2.5,0.0,4.75,2.375,2.6,1.6666666666666667,2.0,3.1666666666666665,0.0,2.7142857142857144,2.2,8.0,0.0,8.0,2.6666666666666665,0.0,0.0,3.0,0.0,0.0,4.0,3.0,0.0,0.0,2.5384615384615383,2.9285714285714284,0.0,0.0,0.0,0.0,0.0,0.0,0.0,0.0,0.0,0.0,0.0,0.0,1.75,0.0,2.0,0.0,0.0,0.0,0.0,0.0,0.0,0.0,0.0,0.0,0.0,0.0,0.0
Set7_Shimmerscale,5.0,5.0,5.0,3.6666666666666665,5.0,4.92,3.727272727272727,5.0,0.0,6.0,6.25,6.375,5.6,5.0,6.0,5.0,1.5,0.0,8.0,1.0,2.0,0.0,3.8461538461538463,2.5,5.25,6.5,0.0,5.0,0.0,0.0,0.0,0.0,0.0,2.0,0.0,8.0,6.0,5.4,4.0,0.0,5.0625,0.0,0.0,0.0,5.0476190476190474,5.5,2.5,0.0,0.0,0.0,0.0,0.0,0.0,0.0,0.0,0.0,2.0,0.0,0.0
Set7_Trainer,4.944444444444445,7.0,4.944444444444445,4.222222222222222,4.3,8.0,1.0,4.944444444444445,0.0,0.0,8.0,0.0,0.0,0.0,0.0,3.0,0.0,4.944444444444445,4.333333333333333,5.5,4.461538461538462,0.0,3.6666666666666665,4.333333333333333,4.0,0.0,0.0,0.0,0.0,0.0,0.0,0.0,4.111111111111111,0.0,0.0,0.0,0.0,0.0,2.0,6.333333333333333,0.0,0.0,3.0,0.0,0.0,0.0,7.0,2.0,0.0,0.0,0.0,3.0,7.0,2.0,2.0,7.0,0.0,0.0,0.0
Set7_Warrior,0.0,6.0,0.0,0.0,0.0,0.0,4.25,0.0,0.0,6.0,5.166666666666667,0.0,0.0,5.0,0.0,5.0,6.0,0.0,0.0,0.0,0.0,0.0,0.0,0.0,0.0,5.333333333333333,5.166666666666667,4.0,4.333333333333333,3.5,5.166666666666667,5.0,8.0,0.0,0.0,0.0,0.0,0.0,0.0,0.0,0.0,0.0,0.0,0.0,6.0,0.0,0.0,0.0,0.0,0.0,0.0,0.0,0.0,0.0,0.0,0.0,0.0,0.0,0.0
Set7_Assassin,0.0,2.6666666666666665,0.0,0.0,4.0,5.0,2.875,0.0,0.0,3.763157894736842,3.7916666666666665,2.0,2.0,3.763157894736842,2.0,3.2758620689655173,3.4642857142857144,0.0,0.0,0.0,4.0,2.75,5.5,3.5,0.0,5.0,6.0,2.3333333333333335,0.0,0.0,3.45,3.7,3.8421052631578947,0.0,0.0,0.0,8.0,0.0,3.5,0.0,0.0,4.0,1.0,0.0,3.1,0.0,3.0,0.0,0.0,0.0,3.0,0.0,0.0,4.0,4.0,0.0,0.0,0.0,0.0
Set7_Bruiser,7.0,4.0,4.5,7.0,4.5,0.0,3.3,4.5,4.0,3.772727272727273,4.257575757575758,4.25,3.25,3.5,3.230769230769231,3.9156626506024095,3.607142857142857,2.0,4.0,4.0,3.973333333333333,4.1395348837209305,3.3333333333333335,2.875,6.0,6.0,0.0,2.0,4.0,0.0,3.764705882352941,3.533333333333333,4.078125,0.0,0.0,0.0,5.75,5.0,4.5,7.0,0.0,0.0,5.333333333333333,4.242424242424242,4.0,0.0,3.7333333333333334,0.0,5.0,0.0,4.428571428571429,6.0,2.0,0.0,0.0,5.0,0.0,0.0,3.7857142857142856
Set7_Cavalier,3.5,5.2,2.5714285714285716,3.5,4.0,3.0,3.1666666666666665,3.5,4.111111111111111,4.05,3.769230769230769,3.619047619047619,4.283333333333333,3.6,3.736842105263158,4.0,0.0,3.75,3.5,4.5,4.333333333333333,0.0,3.4,3.15,5.0,4.428571428571429,4.05,3.764705882352941,4.2444444444444445,4.212121212121212,2.4,1.5,6.0,0.0,5.0,5.0,3.3333333333333335,3.5,5.5,0.0,5.0,5.0,4.0,8.0,2.0,0.0,6.0,1.0,0.0,0.0,0.0,4.0,0.0,4.0,0.0,0.0,0.0,0.0,0.0
Set7_Guild,3.0,5.5,2.3333333333333335,3.0,3.0,4.25,2.4583333333333335,3.0,4.461538461538462,4.188235294117647,4.139784946236559,4.126126126126126,4.204081632653061,4.092592592592593,4.092783505154639,4.128712871287129,3.4,5.0,4.333333333333333,4.0,3.3,3.6153846153846154,3.1666666666666665,3.0681818181818183,2.75,1.5,1.0,4.333333333333333,4.0,2.5,0.0,8.0,2.25,0.0,0.0,0.0,0.0,0.0,4.666666666666667,0.0,0.0,0.0,6.0,3.933333333333333,3.0,0.0,3.0,0.0,2.0,0.0,0.0,5.75,0.0,0.0,0.0,2.0,0.0,2.2,2.0
Set7_Legend,0.0,0.0,0.0,0.0,0.0,0.0,2.0,0.0,5.0,0.0,0.0,0.0,4.5,0.0,0.0,4.4,0.0,0.0,0.0,0.0,0.0,2.0,2.0,2.0,2.0,0.0,0.0,0.0,5.333333333333333,0.0,0.0,0.0,0.0,0.0,4.0,5.0,5.0,0.0,4.0,0.0,4.4,4.4,0.0,0.0,0.0,0.0,0.0,0.0,0.0,0.0,0.0,0.0,0.0,4.0,0.0,0.0,0.0,0.0,0.0
Set7_Ragewing,0.0,0.0,0.0,0.0,0.0,0.0,2.0,0.0,2.2,2.4,3.3076923076923075,2.2857142857142856,3.4166666666666665,2.25,3.076923076923077,2.857142857142857,0.0,0.0,0.0,0.0,0.0,5.0,0.0,2.5,3.5,0.0,0.0,0.0,0.0,0.0,0.0,0.0,0.0,4.444444444444445,3.5,3.2,2.6666666666666665,3.909090909090909,3.142857142857143,0.0,6.0,0.0,0.0,0.0,4.75,0.0,0.0,0.0,6.5,0.0,0.0,0.0,0.0,3.2,0.0,4.0,0.0,2.8666666666666667,0.0
Set7_Swiftshot,0.0,0.0,4.0,0.0,0.0,0.0,2.6666666666666665,7.0,0.0,8.0,5.0,3.923076923076923,0.0,0.0,3.923076923076923,3.3333333333333335,0.0,7.0,4.0,0.0,3.857142857142857,3.5,1.0,1.3333333333333333,0.0,0.0,0.0,0.0,0.0,0.0,0.0,0.0,3.75,0.0,0.0,0.0,0.0,5.0,0.0,0.0,8.0,0.0,0.0,3.0833333333333335,8.0,8.0,0.0,0.0,3.0,0.0,0.0,0.0,0.0,0.0,0.0,0.0,0.0,0.0,3.909090909090909
Set7_Tempest,2.0,5.5,2.8666666666666667,1.0,2.888888888888889,6.0,2.625,2.65,3.5,4.0,2.3333333333333335,0.0,4.0,6.0,7.0,3.2051282051282053,0.0,2.95,3.8461538461538463,3.5,3.15625,4.666666666666667,2.1538461538461537,2.8214285714285716,1.8888888888888888,0.0,0.0,1.6666666666666667,0.0,0.0,0.0,0.0,3.5,0.0,0.0,2.0,2.5,0.0,4.666666666666667,0.0,0.0,0.0,0.0,0.0,7.0,7.0,2.0,0.0,6.0,0.0,0.0,3.175,0.0,1.0,1.0,0.0,2.0,0.0,3.0
Set7_Whispers,4.4,6.0,4.714285714285714,4.6,4.636363636363637,4.333333333333333,3.1481481481481484,4.714285714285714,2.6666666666666665,4.122448979591836,4.208333333333333,3.7142857142857144,2.5,3.9245283018867925,2.857142857142857,4.025974025974026,3.5918367346938775,4.782608695652174,4.333333333333333,5.0,4.290909090909091,3.7222222222222223,4.052631578947368,3.6785714285714284,2.7777777777777777,4.4,6.0,4.0,4.0,6.0,5.4,4.4,4.223076923076923,0.0,0.0,3.0,5.6,1.5,4.045454545454546,5.25,0.0,7.0,1.0,3.4285714285714284,2.8,0.0,4.354838709677419,4.5,5.0,2.0,4.24,0.0,4.0,3.5454545454545454,4.75,0.0,6.5,0.0,3.0
Set7_Astral,0.0,0.0,6.0,0.0,0.0,0.0,0.0,0.0,0.0,0.0,0.0,0.0,0.0,0.0,0.0,0.0,0.0,0.0,5.0,8.0,6.0,5.0,2.0,6.0,0.0,0.0,0.0,0.0,0.0,0.0,0.0,0.0,0.0,0.0,0.0,0.0,0.0,0.0,0.0,0.0,0.0,0.0,0.0,4.75,0.0,0.0,0.0,5.0,4.75,5.666666666666667,0.0,0.0,4.25,0.0,0.0,0.0,0.0,0.0,8.0
Set7_Bard,3.9761904761904763,4.555555555555555,3.4959349593495936,3.765957446808511,3.6,4.333333333333333,2.7534246575342465,3.6987951807228914,3.142857142857143,3.2439024390243905,3.0425531914893615,2.851063829787234,3.3333333333333335,3.459016393442623,3.1666666666666665,3.066666666666667,3.1363636363636362,3.5510204081632653,3.488372093023256,3.515151515151515,3.533333333333333,3.066666666666667,3.111111111111111,3.517699115044248,2.9393939393939394,3.142857142857143,3.6666666666666665,2.7142857142857144,4.136363636363637,3.6363636363636362,3.6666666666666665,3.5,3.5806451612903225,2.0,2.5,2.2,3.4,2.0,3.6666666666666665,3.3333333333333335,1.5,3.5555555555555554,4.0,3.0,3.8,4.333333333333333,3.7142857142857144,3.5,4.0,3.8333333333333335,3.6,3.25,6.0,3.3333333333333335,3.4642857142857144,2.5,4.666666666666667,2.5,2.3333333333333335
Set7_Jade,4.0,4.5,3.48,5.0,3.7142857142857144,5.0,3.888888888888889,4.0,0.0,5.0,0.0,1.0,8.0,3.375,4.5,7.0,2.25,2.0,4.333333333333333,0.0,5.0,0.0,4.0,3.3181818181818183,3.1578947368421053,4.0,0.0,0.0,4.0,0.0,0.0,0.0,5.0,5.0,4.636363636363637,4.6,4.0,5.142857142857143,4.1923076923076925,0.0,0.0,4.21875,0.0,0.0,0.0,0.0,4.333333333333333,0.0,3.0,4.545454545454546,5.0,3.0,0.0,4.183673469387755,4.211538461538462,0.0,4.571428571428571,0.0,4.0
Set7_Mage,5.25,6.0,3.975609756097561,0.0,3.433333333333333,6.0,3.2,3.986666666666667,5.0,3.0,5.5,3.6666666666666665,6.0,2.0,0.0,3.0714285714285716,4.0,4.074074074074074,4.22093023255814,4.4,4.076923076923077,4.038461538461538,3.55,3.1875,3.0,0.0,0.0,4.142857142857143,0.0,6.0,0.0,0.0,4.333333333333333,0.0,0.0,0.0,0.0,0.0,6.0,0.0,0.0,5.0,8.0,3.6666666666666665,0.0,0.0,6.0,4.767441860465116,8.0,0.0,0.0,3.0714285714285716,4.2,0.0,0.0,0.0,0.0,0.0,2.0
Set7_SpellThief,3.466666666666667,6.5,3.4731182795698925,3.3333333333333335,3.128205128205128,4.166666666666667,3.2222222222222223,3.4936708860759493,4.2,4.2,3.875,3.3333333333333335,5.0,3.9,5.0,2.717391304347826,3.6,3.5526315789473686,3.5076923076923077,3.8541666666666665,3.44954128440367,3.111111111111111,3.56390977443609,3.1451612903225805,3.0,6.5,0.0,3.533333333333333,5.75,7.0,0.0,3.0,4.0,0.0,2.0,0.0,3.0,7.0,5.4,4.0,4.0,3.6666666666666665,0.0,2.357142857142857,4.2727272727272725,3.857142857142857,1.6666666666666667,4.136363636363637,5.333333333333333,0.0,0.0,2.6785714285714284,3.5714285714285716,4.0,4.0,5.0,0.0,0.0,1.0
Set7_Starcaller,3.6,5.0,2.7777777777777777,2.3333333333333335,2.625,4.888888888888889,2.888888888888889,3.25,3.8,4.2,3.0,4.2727272727272725,3.6666666666666665,4.0,3.4,3.259259259259259,2.3333333333333335,3.2222222222222223,5.0,0.0,3.0,4.7,2.8666666666666667,2.9393939393939394,3.3896103896103895,7.0,7.0,3.0,5.0,3.5714285714285716,0.0,0.0,3.0,3.6,3.5,3.1818181818181817,3.8,3.0833333333333335,3.1,2.5,3.2,3.6363636363636362,1.0,5.5,5.25,6.333333333333333,3.0,1.0,3.0,2.5,2.75,2.0,7.0,3.0625,3.1052631578947367,0.0,2.5,2.875,4.0
Set7_Shapeshifter,0.0,0.0,1.5,0.0,0.0,0.0,2.0,0.0,0.0,0.0,3.0,3.0,0.0,0.0,4.0,2.5,1.5,0.0,8.0,0.0,1.3333333333333333,0.0,0.0,3.0,2.6666666666666665,1.0,0.0,0.0,0.0,0.0,0.0,0.0,1.75,4.8,4.666666666666667,4.461538461538462,3.2,3.590909090909091,3.7,0.0,6.5,6.0,0.0,0.0,0.0,0.0,3.3333333333333335,0.0,3.0,3.8636363636363638,3.7142857142857144,0.0,0.0,3.7,4.545454545454546,0.0,7.0,3.2,0.0
